Index Rebuilt 0.3116023102775216
New rebuild frequency: 57
50 46.418057441711426 0.0126953125
75 48.36183404922485 0.0169921875
100 50.56059002876282 0.015234375
Index Rebuilt 0.4887277437373996
New rebuild frequency: 65
125 94.09049820899963 0.012109375
150 96.19827437400818 0.0119140625
Index Rebuilt 0.6822400186210871
New rebuild frequency: 74
175 138.58881974220276 0.014453125
200 140.79204511642456 0.0162109375
225 143.09632873535156 0.017578125
Index Rebuilt 0.958060160279274
New rebuild frequency: 85
250 184.17764329910278 0.0181640625
275 186.1502149105072 0.0205078125
300 188.13153433799744 0.02109375
325 190.35655307769775 0.019140625
Index Rebuilt 1.3469419442117214
New rebuild frequency: 97
350 230.0827498435974 0.0271484375
375 232.1434235572815 0.02890625
400 234.1850175857544 0.02734375
425 236.21710658073425 0.0267578125
Index Rebuilt 1.7311721295118332
New rebuild frequency: 111
450 274.20841932296753 0.0318359375
475 276.1965878009796 0.0291015625
500 278.2518937587738 0.028515625
525 280.3243954181671 0.03125
Index Rebuilt 2.036968946456909
New rebuild frequency: 127
550 316.78508710861206 0.0318359375
575 318.71636605262756 0.034375
600 320.58933901786804 0.0365234375
625 322.52757358551025 0.037890625
650 324.42953062057495 0.0390625
Index Rebuilt 2.293114945292473
New rebuild frequency: 146
675 359.1480004787445 0.0455078125
700 360.8913781642914 0.043359375
725 362.66599130630493 0.0396484375
750 364.5155117511749 0.039453125
775 366.37071084976196 0.0412109375
800 368.3880543708801 0.044921875
Index Rebuilt 2.512376882135868
New rebuild frequency: 167
825 401.21425461769104 0.051171875
850 402.89306807518005 0.048046875
875 404.5824167728424 0.0478515625
900 406.32132053375244 0.048046875
925 407.97439670562744 0.0482421875
950 409.7099869251251 0.048046875
975 411.52463698387146 0.048046875
Index Rebuilt 2.7238912358880043
New rebuild frequency: 192
1000 441.7482941150665 0.0546875
1025 443.61652302742004 0.0529296875
1050 445.5656147003174 0.052734375
1075 447.41167545318604 0.0525390625
1100 449.19646167755127 0.0541015625
1125 450.9581618309021 0.05078125
1150 452.88809180259705 0.0509765625
Index Rebuilt 3.0545149371027946
New rebuild frequency: 220
1175 481.11056327819824 0.058203125
1200 482.95561623573303 0.06015625
1225 485.06260323524475 0.062890625
1250 487.4326021671295 0.0638671875
1275 489.3087224960327 0.062890625
1300 491.1814727783203 0.062890625
1325 493.16354966163635 0.060546875
1350 495.0174412727356 0.0619140625
1375 496.9631464481354 0.0642578125
Index Rebuilt 3.3390430882573128
New rebuild frequency: 252
1400 522.437383890152 0.068359375
1425 524.353217124939 0.0671875
1450 526.3291654586792 0.067578125
1475 528.2636523246765 0.06796875
1500 530.1986775398254 0.06328125
1525 532.0770287513733 0.0615234375
1550 533.9230618476868 0.06328125
1575 535.7475247383118 0.062109375
1600 537.600132226944 0.06171875
1625 539.689582824707 0.0640625
Index Rebuilt 3.6020323634147644
New rebuild frequency: 289
1650 562.7541332244873 0.0703125
1675 564.4441962242126 0.06796875
1700 566.3218774795532 0.0712890625
1725 568.1667931079865 0.0701171875
1750 570.0380389690399 0.065625
1775 571.9749557971954 0.066796875
1800 573.6904990673065 0.0693359375
1825 575.4333736896515 0.0716796875
1850 577.2610683441162 0.06796875
1875 579.0632658004761 0.0703125
1900 581.0726892948151 0.072265625
1925 583.5779056549072 0.0732421875
Index Rebuilt 3.944718651473522
New rebuild frequency: 332
1950 605.0382406711578 0.0828125
1975 607.1229102611542 0.0783203125
2000 609.0048990249634 0.078125
2025 610.9477517604828 0.0759765625
2050 613.6850745677948 0.0796875
2075 615.5494558811188 0.0763671875
2100 617.5384614467621 0.076953125
2125 619.43612408638 0.076953125
2150 621.3708598613739 0.0763671875
2175 623.2635493278503 0.0748046875
2200 625.0789473056793 0.0787109375
2225 626.8740248680115 0.078515625
2250 628.6544556617737 0.0794921875
Index Rebuilt 4.065240763127804
New rebuild frequency: 381
2275 647.1544563770294 0.0857421875
2300 649.5525405406952 0.08359375
2325 651.3889136314392 0.083984375
2350 653.3368346691132 0.082421875
2375 655.5907468795776 0.0837890625
2400 658.8451008796692 0.08515625
2425 662.476512670517 0.0875
2450 666.0910985469818 0.08515625
2475 670.1247963905334 0.0841796875
2500 673.7464678287506 0.0892578125
2525 675.9058499336243 0.09140625
2550 677.7340893745422 0.0921875
2575 679.9784924983978 0.0947265625
2600 681.7768921852112 0.09453125
2625 683.8693125247955 0.09453125
Index Rebuilt 4.233447477221489
New rebuild frequency: 438
2650 701.9177460670471 0.1
2675 705.4664788246155 0.10390625
2700 709.2997872829437 0.0978515625
2725 712.8257205486298 0.0953125
2750 716.4154932498932 0.094921875
2775 718.6629660129547 0.095703125
2800 720.484561920166 0.096484375
2825 722.3783438205719 0.09609375
2850 724.212206363678 0.099609375
2875 726.2077383995056 0.0978515625
2900 728.0482409000397 0.0994140625
2925 729.8265023231506 0.0974609375
2950 732.5704321861267 0.1
2975 734.5298280715942 0.09921875
3000 736.3970546722412 0.0986328125
3025 738.3223989009857 0.0974609375
3050 740.1064121723175 0.0970703125
3075 741.8896083831787 0.10078125
Index Rebuilt 4.475783005356789
New rebuild frequency: 503
3100 756.6814000606537 0.1134765625
3125 758.525640964508 0.112109375
3150 760.3393936157227 0.1087890625
3175 762.2590186595917 0.1083984375
3200 764.0509958267212 0.1064453125
3225 765.9011662006378 0.1130859375
3250 767.6906142234802 0.11328125
3275 769.6329605579376 0.112890625
3300 771.851820230484 0.11015625
3325 774.6077897548676 0.1111328125
3350 776.5412020683289 0.1060546875
3375 778.5720047950745 0.108203125
3400 780.742639541626 0.10625
3425 784.3827922344208 0.1060546875
3450 786.9652540683746 0.1076171875
3475 789.0509004592896 0.1078125
3500 791.3623521327972 0.1068359375
3525 793.309472322464 0.10234375
3550 795.2037148475647 0.105859375
3575 797.0377736091614 0.1099609375
Index Rebuilt 4.732332229614258
New rebuild frequency: 578
3600 811.7267727851868 0.124609375
3625 815.2775616645813 0.1185546875
3650 819.2177639007568 0.119140625
3675 822.7751975059509 0.1205078125
3700 826.3930327892303 0.1154296875
3725 830.0513937473297 0.11640625
3750 833.6022753715515 0.1158203125
3775 837.1675207614899 0.1125
3800 840.7843635082245 0.11015625
3825 844.4044551849365 0.1087890625
3850 847.912929058075 0.1130859375
3875 851.6014635562897 0.112890625
3900 855.2104802131653 0.116015625
3925 858.780864238739 0.1185546875
3950 862.2401068210602 0.1201171875
3975 865.8493263721466 0.119140625
4000 869.3950660228729 0.1193359375
4025 872.8792502880096 0.117578125
4050 876.4953374862671 0.116015625
4075 880.1329114437103 0.116015625
4100 883.7032701969147 0.1181640625
4125 887.1942892074585 0.12265625
4150 889.0669486522675 0.1236328125
Index Rebuilt 5.133104369044304
New rebuild frequency: 664
4175 902.3785514831543 0.1330078125
4200 904.333687543869 0.13203125
4225 906.2612116336823 0.12890625
4250 908.3847234249115 0.1314453125
4275 911.6760492324829 0.130859375
4300 915.1325533390045 0.12890625
4325 919.1655204296112 0.1294921875
4350 922.7437250614166 0.1302734375
4375 926.2672598361969 0.1294921875
4400 929.9616248607635 0.13203125
4425 933.5449740886688 0.131640625
4450 937.1423633098602 0.1314453125
4475 940.7722764015198 0.13203125
4500 944.366822719574 0.1337890625
4525 947.9156947135925 0.1341796875
4550 951.4636235237122 0.1330078125
4575 954.9527416229248 0.130078125
4600 958.4734375476837 0.1310546875
4625 962.0755641460419 0.1283203125
4650 965.591534614563 0.128515625
4675 969.1476626396179 0.128125
4700 972.738570690155 0.1279296875
4725 976.3213572502136 0.1306640625
4750 979.8521661758423 0.1326171875
4775 983.4358341693878 0.1306640625
4800 986.9596729278564 0.13203125
4825 988.9979815483093 0.132421875
Index Rebuilt 5.338778838515282
New rebuild frequency: 763
4850 1001.7486069202423 0.141796875
4875 1003.6592519283295 0.1369140625
4900 1005.5416095256805 0.14140625
4925 1007.5743598937988 0.14296875
4950 1011.0089454650879 0.14140625
4975 1014.4362893104553 0.13984375
5000 1018.419679403305 0.140234375
5025 1022.0025842189789 0.141015625
5050 1025.5546441078186 0.13984375
5075 1029.182493686676 0.1390625
5100 1032.7263369560242 0.1376953125
5125 1036.2385575771332 0.1388671875
5150 1039.9363071918488 0.141015625
5175 1043.4959807395935 0.138671875
5200 1047.0766928195953 0.1427734375
5225 1050.5502681732178 0.1416015625
5250 1054.1431472301483 0.141015625
5275 1057.7041532993317 0.141015625
5300 1061.2812604904175 0.1423828125
5325 1064.8658065795898 0.1427734375
5350 1068.4095129966736 0.1427734375
5375 1071.930092573166 0.1443359375
5400 1075.5565311908722 0.1408203125
5425 1079.0485842227936 0.142578125
5450 1082.603255033493 0.140625
5475 1085.9740545749664 0.1427734375
5500 1088.0654594898224 0.1416015625
5525 1090.1367900371552 0.1423828125
5550 1092.3077795505524 0.145703125
5575 1095.1330659389496 0.14765625
Index Rebuilt 5.661044955253601
New rebuild frequency: 877
5600 1107.1857030391693 0.158203125
5625 1110.8671717643738 0.157421875
5650 1114.827469110489 0.15
5675 1118.3337659835815 0.1501953125
5700 1121.8704042434692 0.15
5725 1125.535723209381 0.1482421875
5750 1129.0857174396515 0.1515625
5775 1132.7026798725128 0.151953125
5800 1136.3783123493195 0.151953125
5825 1139.9758546352386 0.154296875
5850 1143.5841369628906 0.152734375
5875 1147.2672209739685 0.1546875
5900 1150.944454908371 0.15234375
5925 1154.4838271141052 0.15625
5950 1158.0896871089935 0.1541015625
5975 1161.68834233284 0.1529296875
6000 1165.2970223426819 0.153125
6025 1168.8665881156921 0.153125
6050 1172.388875246048 0.15
6075 1175.9486153125763 0.1501953125
6100 1179.518387556076 0.151953125
6125 1182.8307285308838 0.1509765625
6150 1184.7369976043701 0.1501953125
6175 1186.6892127990723 0.149609375
6200 1188.6194925308228 0.14921875
6225 1190.4169921875 0.1513671875
6250 1192.5410850048065 0.1556640625
6275 1194.540103673935 0.15546875
6300 1196.6241681575775 0.1533203125
6325 1198.7313435077667 0.156640625
6350 1200.7845435142517 0.15625
6375 1202.8478300571442 0.1537109375
6400 1204.765667438507 0.1546875
6425 1206.63379240036 0.1556640625
6450 1208.5657694339752 0.159375
Index Rebuilt 6.0723747164011
New rebuild frequency: 1008
6475 1220.0399553775787 0.168359375
6500 1221.985521554947 0.1705078125
6525 1223.9817044734955 0.16640625
6550 1225.9078612327576 0.1677734375
6575 1227.9081013202667 0.1658203125
6600 1229.735122680664 0.16640625
6625 1231.8928821086884 0.169140625
6650 1233.8122718334198 0.169921875
6675 1235.8855566978455 0.16796875
6700 1237.844164609909 0.1677734375
6725 1239.7704842090607 0.1724609375
6750 1241.6683151721954 0.1697265625
6775 1243.6556649208069 0.1685546875
6800 1245.5454740524292 0.1666015625
6825 1247.429663181305 0.1685546875
6850 1249.4199573993683 0.1662109375
6875 1251.413780450821 0.1673828125
6900 1253.2343881130219 0.1701171875
6925 1255.1801948547363 0.171484375
6950 1257.19345164299 0.1720703125
6975 1259.1692657470703 0.16796875
7000 1261.1292252540588 0.169140625
7025 1263.0936045646667 0.1703125
7050 1264.9811034202576 0.17109375
7075 1266.9213948249817 0.1685546875
7100 1268.8167970180511 0.1693359375
7125 1270.7924780845642 0.1736328125
7150 1272.7643673419952 0.1740234375
7175 1274.6804156303406 0.1802734375
7200 1276.698516368866 0.1806640625
7225 1278.7587914466858 0.1798828125
7250 1280.6880502700806 0.175
7275 1282.6025714874268 0.1732421875
7300 1284.6488440036774 0.17421875
7325 1286.6357131004333 0.1759765625
7350 1288.457275390625 0.17578125
7375 1290.3408372402191 0.177734375
7400 1292.3985424041748 0.1765625
7425 1294.4580554962158 0.1775390625
7450 1296.4010486602783 0.1751953125
7475 1298.4514100551605 0.178125
Index Rebuilt 6.81969353556633
New rebuild frequency: 1159
7500 1309.6508145332336 0.18828125
7525 1311.6326026916504 0.1861328125
7550 1313.546278476715 0.1818359375
7575 1315.5221798419952 0.187890625
7600 1317.4693217277527 0.183984375
7625 1319.3889138698578 0.1806640625
7650 1321.32865691185 0.1841796875
7675 1323.185912847519 0.1833984375
7700 1325.0334978103638 0.184375
7725 1326.9113175868988 0.18359375
7750 1328.8282945156097 0.187109375
7775 1330.830599308014 0.190625
7800 1332.8158416748047 0.1876953125
7825 1334.681889295578 0.1912109375
7850 1336.7746620178223 0.190625
7875 1338.7741417884827 0.1921875
7900 1340.6582672595978 0.1904296875
7925 1342.7667582035065 0.1890625
7950 1344.8315918445587 0.1935546875
7975 1346.7080545425415 0.1947265625
8000 1348.6438596248627 0.19453125
8025 1350.5217490196228 0.1947265625
8050 1352.461097240448 0.19375
8075 1354.4672176837921 0.1962890625
8100 1356.445997953415 0.1919921875
8125 1358.475260734558 0.1912109375
8150 1360.4963948726654 0.193359375
8175 1362.5735447406769 0.1890625
8200 1364.6490700244904 0.187890625
8225 1366.5123436450958 0.1888671875
8250 1368.3145215511322 0.1892578125
8275 1370.2094411849976 0.190625
8300 1372.3304197788239 0.190625
8325 1374.2798612117767 0.19140625
8350 1376.2212188243866 0.1939453125
8375 1378.1319515705109 0.1931640625
8400 1379.937213420868 0.1921875
8425 1381.9705574512482 0.191015625
8450 1383.8706319332123 0.187890625
8475 1385.740754365921 0.1876953125
8500 1387.7521574497223 0.186328125
8525 1389.8702909946442 0.1921875
8550 1391.725022315979 0.19296875
8575 1393.7334294319153 0.1927734375
8600 1395.7791180610657 0.191796875
8625 1397.7277855873108 0.18984375
Index Rebuilt 7.647709563374519
New rebuild frequency: 1332
8650 1409.0558896064758 0.1951171875
8675 1410.9757752418518 0.1939453125
8700 1412.801020860672 0.1974609375
8725 1414.677949666977 0.2009765625
8750 1416.5194346904755 0.1978515625
8775 1418.6376056671143 0.197265625
8800 1420.6695144176483 0.198046875
8825 1422.5620670318604 0.1984375
8850 1424.453114748001 0.1962890625
8875 1426.4152932167053 0.1953125
8900 1428.5805311203003 0.19453125
8925 1430.4928047657013 0.196484375
8950 1432.4655673503876 0.1970703125
8975 1434.33154463768 0.1966796875
9000 1436.1567804813385 0.1982421875
9025 1438.0723209381104 0.1990234375
9050 1440.0334734916687 0.2005859375
9075 1441.963080406189 0.2037109375
9100 1443.8005011081696 0.204296875
9125 1445.825273990631 0.2048828125
9150 1447.786893606186 0.2064453125
9175 1449.8571915626526 0.205078125
9200 1451.7407138347626 0.2013671875
9225 1453.7638020515442 0.2021484375
9250 1455.7703175544739 0.2048828125
9275 1457.8791017532349 0.20625
9300 1459.6851999759674 0.2072265625
9325 1461.8079113960266 0.20625
9350 1463.721730709076 0.2056640625
9375 1465.604956626892 0.2048828125
9400 1467.5003685951233 0.20625
9425 1469.633572101593 0.2037109375
9450 1471.714334487915 0.2013671875
9475 1473.7688376903534 0.2005859375
9500 1475.7946367263794 0.2005859375
9525 1478.075278520584 0.196484375
9550 1479.9327058792114 0.198828125
9575 1481.7648651599884 0.2
9600 1483.9942727088928 0.1994140625
9625 1485.887750864029 0.199609375
9650 1487.9052045345306 0.2015625
9675 1489.9000091552734 0.202734375
9700 1491.8455138206482 0.2029296875
9725 1493.8960213661194 0.201953125
9750 1495.7559423446655 0.2037109375
9775 1497.6574432849884 0.20390625
9800 1499.5355770587921 0.2076171875
9825 1501.5492627620697 0.20625
9850 1503.4805064201355 0.2068359375
9875 1505.4239506721497 0.20703125
9900 1507.422081232071 0.207421875
9925 1509.407963514328 0.2080078125
9950 1511.281884431839 0.2091796875
Index Rebuilt 8.568012088537216
New rebuild frequency: 1531
9975 1522.4939737319946 0.217578125
10000 1524.4170794487 0.21796875
10025 1526.499909877777 0.22578125
10050 1528.5497703552246 0.2212890625
10075 1530.5257143974304 0.2224609375
10100 1532.4822907447815 0.218359375
10125 1534.4804961681366 0.2220703125
10150 1536.2935297489166 0.217578125
10175 1538.4304282665253 0.226171875
10200 1540.3165802955627 0.2259765625
10225 1542.2030143737793 0.2216796875
10250 1544.1001205444336 0.220703125
10275 1545.9325633049011 0.2236328125
10300 1547.7486743927002 0.2236328125
10325 1549.6585717201233 0.2251953125
10350 1551.5571081638336 0.226171875
10375 1553.43443608284 0.226953125
10400 1555.3018600940704 0.231640625
10425 1557.2384135723114 0.2306640625
10450 1559.1580295562744 0.228515625
10475 1561.2832951545715 0.229296875
10500 1563.1514613628387 0.22890625
10525 1565.0194082260132 0.2283203125
10550 1566.902000427246 0.2283203125
10575 1568.8102583885193 0.229296875
10600 1570.7629234790802 0.2275390625
10625 1572.614033460617 0.2306640625
10650 1574.5222511291504 0.2271484375
10675 1576.5166437625885 0.226171875
10700 1578.511214017868 0.2234375
10725 1580.4159486293793 0.223046875
10750 1582.293194770813 0.2240234375
10775 1584.1845922470093 0.2208984375
10800 1586.2047953605652 0.221875
10825 1588.2978303432465 0.220703125
10850 1590.296531677246 0.218359375
10875 1592.2045826911926 0.2208984375
10900 1594.2982912063599 0.2197265625
10925 1596.2425763607025 0.223046875
10950 1598.3228697776794 0.223828125
10975 1600.2823858261108 0.2244140625
11000 1602.2119846343994 0.2259765625
11025 1604.1919438838959 0.2234375
11050 1606.0452950000763 0.2263671875
11075 1607.9610583782196 0.2228515625
11100 1609.8145010471344 0.222265625
11125 1611.6754395961761 0.2234375
11150 1613.7833366394043 0.2228515625
11175 1615.7449049949646 0.22265625
11200 1617.7789039611816 0.223046875
11225 1619.7787735462189 0.2234375
11250 1621.8217194080353 0.2232421875
11275 1623.7279160022736 0.221875
11300 1625.7909772396088 0.221484375
11325 1627.8778011798859 0.222265625
11350 1629.7731215953827 0.2240234375
11375 1631.790134191513 0.21953125
11400 1633.9398033618927 0.2189453125
11425 1636.1398439407349 0.219140625
11450 1638.177470445633 0.2197265625
11475 1640.2771210670471 0.21953125
Index Rebuilt 9.565659642219543
New rebuild frequency: 1760
11500 1651.6393585205078 0.22109375
11525 1653.5977039337158 0.2341796875
11550 1655.6493828296661 0.23984375
11575 1657.6860308647156 0.2439453125
11600 1659.5913093090057 0.2416015625
11625 1661.640516757965 0.241015625
11650 1663.7947103977203 0.2419921875
11675 1665.7836089134216 0.24609375
11700 1667.7733964920044 0.2490234375
11725 1669.668552160263 0.245703125
11750 1671.685795545578 0.2435546875
11775 1673.6113753318787 0.245703125
11800 1675.4916534423828 0.2451171875
11825 1677.4008212089539 0.244140625
11850 1679.4412035942078 0.2462890625
11875 1681.416438817978 0.247265625
11900 1683.277979850769 0.2490234375
11925 1685.3016057014465 0.248046875
11950 1687.3553051948547 0.2474609375
11975 1689.3022375106812 0.2439453125
12000 1691.1709747314453 0.242578125
12025 1693.0523986816406 0.2443359375
12050 1694.9276750087738 0.2404296875
12075 1696.8174772262573 0.23828125
12100 1698.6620712280273 0.239453125
12125 1700.5916752815247 0.2375
12150 1702.6008665561676 0.237890625
12175 1704.550141096115 0.239453125
12200 1706.484367609024 0.23984375
12225 1708.4913685321808 0.240625
12250 1710.3673024177551 0.2400390625
12275 1712.2993385791779 0.241015625
12300 1714.0470578670502 0.2431640625
12325 1716.0005512237549 0.2435546875
12350 1717.8980255126953 0.2423828125
12375 1719.9348526000977 0.2404296875
12400 1721.8655395507812 0.2435546875
12425 1723.726898908615 0.2396484375
12450 1725.7661259174347 0.2423828125
12475 1727.8005468845367 0.2416015625
12500 1729.7773549556732 0.2451171875
12525 1731.6711285114288 0.2453125
12550 1733.624496459961 0.2404296875
12575 1735.6988277435303 0.2392578125
12600 1737.6270093917847 0.2408203125
12625 1739.665186882019 0.236328125
12650 1741.6123344898224 0.238671875
12675 1743.5501291751862 0.241015625
12700 1745.4161014556885 0.244140625
12725 1747.4622602462769 0.2388671875
12750 1749.4291417598724 0.240234375
12775 1751.3539083003998 0.240625
12800 1753.3077206611633 0.2435546875
12825 1755.2239844799042 0.2408203125
12850 1757.1674041748047 0.2431640625
12875 1759.0462460517883 0.2451171875
12900 1760.9552993774414 0.2462890625
12925 1762.9904313087463 0.2447265625
12950 1765.1894710063934 0.23984375
12975 1767.1274132728577 0.2400390625
13000 1769.2127516269684 0.2388671875
13025 1771.3527357578278 0.237890625
13050 1773.254429101944 0.23828125
13075 1775.1439716815948 0.2396484375
13100 1776.9963963031769 0.2416015625
13125 1778.935884475708 0.2423828125
13150 1780.8627274036407 0.241015625
13175 1783.051568031311 0.23984375
13200 1785.0513043403625 0.2390625
13225 1786.9594039916992 0.2396484375
13250 1788.954656124115 0.241796875
Index Rebuilt 10.84582069516182
New rebuild frequency: 2023
13275 1800.4157514572144 0.2505859375
13300 1802.235562324524 0.2494140625
13325 1804.1652736663818 0.2544921875
13350 1806.1058111190796 0.2544921875
13375 1807.9551012516022 0.2546875
13400 1809.9834370613098 0.255078125
13425 1811.8838212490082 0.259375
13450 1813.826301574707 0.2564453125
13475 1815.7013566493988 0.259765625
13500 1817.5746207237244 0.2595703125
13525 1819.500064611435 0.26171875
13550 1821.4084384441376 0.2634765625
13575 1823.2084231376648 0.2638671875
13600 1825.1162102222443 0.2626953125
13625 1827.0892984867096 0.2609375
13650 1828.9743039608002 0.256640625
13675 1830.9474861621857 0.2560546875
13700 1832.9200983047485 0.25859375
13725 1834.8199980258942 0.2583984375
13750 1836.7744841575623 0.2591796875
13775 1838.6709461212158 0.257421875
13800 1840.7210900783539 0.2552734375
13825 1842.6870272159576 0.25703125
13850 1844.6349227428436 0.257421875
13875 1846.5453608036041 0.25625
13900 1848.4081280231476 0.256640625
13925 1850.350375175476 0.2583984375
13950 1852.325028181076 0.258984375
13975 1854.2146482467651 0.257421875
14000 1856.1563770771027 0.258203125
14025 1858.3119277954102 0.2591796875
14050 1860.3173217773438 0.259765625
14075 1862.2573289871216 0.258203125
14100 1864.149750471115 0.2611328125
14125 1866.2450125217438 0.2587890625
14150 1868.255980014801 0.2580078125
14175 1870.3165328502655 0.258203125
14200 1872.4296185970306 0.2599609375
14225 1874.3896503448486 0.2609375
14250 1876.4074778556824 0.258984375
14275 1878.2428171634674 0.2583984375
14300 1880.1826858520508 0.2583984375
14325 1882.0820925235748 0.2591796875
14350 1883.9946157932281 0.26171875
14375 1886.0052027702332 0.2603515625
14400 1887.8959171772003 0.2623046875
14425 1889.8743641376495 0.2623046875
14450 1891.85995221138 0.2625
14475 1893.6953721046448 0.261328125
14500 1895.5842978954315 0.2626953125
14525 1897.5747289657593 0.2638671875
14550 1899.4456293582916 0.26328125
14575 1901.3845653533936 0.2625
14600 1903.4384338855743 0.2626953125
14625 1905.4510653018951 0.2607421875
14650 1907.367255449295 0.2603515625
14675 1909.1794531345367 0.2609375
14700 1911.1724119186401 0.2552734375
14725 1913.0888595581055 0.2560546875
14750 1915.1051280498505 0.257421875
14775 1917.1032252311707 0.26015625
14800 1918.937320947647 0.262109375
14825 1920.7948868274689 0.2626953125
14850 1922.661316394806 0.2634765625
14875 1924.7563226222992 0.2642578125
14900 1926.738344669342 0.259765625
14925 1928.582825422287 0.26015625
14950 1930.5166914463043 0.2603515625
14975 1932.5805270671844 0.25859375
15000 1934.5567090511322 0.261328125
15025 1936.475862979889 0.2576171875
15050 1938.4062206745148 0.257421875
15075 1940.383151292801 0.256640625
15100 1942.2789912223816 0.2576171875
15125 1944.2357215881348 0.259765625
15150 1946.049149274826 0.26171875
15175 1947.96071767807 0.266796875
15200 1949.8781514167786 0.2626953125
15225 1951.8227319717407 0.2642578125
15250 1953.641443014145 0.2666015625
15275 1955.5155787467957 0.2611328125
Index Rebuilt 12.29847764968872
New rebuild frequency: 2326
15300 1967.245594739914 0.2703125
15325 1969.2658641338348 0.2693359375
15350 1971.155856847763 0.266015625
15375 1972.9932737350464 0.265234375
15400 1974.8977642059326 0.270703125
15425 1976.7611107826233 0.2791015625
15450 1978.6767599582672 0.27421875
15475 1980.733196735382 0.27578125
15500 1982.6607074737549 0.2767578125
15525 1984.5084269046783 0.2767578125
15550 1986.3995606899261 0.2767578125
15575 1988.2674908638 0.2744140625
15600 1990.5697700977325 0.275
15625 1992.7076485157013 0.2771484375
15650 1994.5026288032532 0.2783203125
15675 1996.6046171188354 0.2751953125
15700 1998.5037217140198 0.274609375
15725 2000.3315379619598 0.2783203125
15750 2002.243337392807 0.27578125
15775 2004.1174623966217 0.2748046875
15800 2005.960544347763 0.2744140625
15825 2007.852468252182 0.2751953125
15850 2009.7948927879333 0.2736328125
15875 2011.7020943164825 0.2728515625
15900 2013.7702913284302 0.27109375
15925 2015.6671423912048 0.2716796875
15950 2017.5468173027039 0.27265625
15975 2019.495718240738 0.2744140625
16000 2021.4002249240875 0.2740234375
16025 2023.1905717849731 0.2744140625
16050 2025.0446527004242 0.2740234375
16075 2026.903837442398 0.2775390625
16100 2028.7644085884094 0.27578125
16125 2030.810959815979 0.274609375
16150 2032.7324409484863 0.27265625
16175 2034.6637897491455 0.271484375
16200 2036.8533194065094 0.276171875
16225 2038.7471916675568 0.2759765625
16250 2040.688233613968 0.276171875
16275 2042.595624446869 0.2765625
16300 2044.5432901382446 0.2744140625
16325 2046.4569664001465 0.2755859375
16350 2048.332751274109 0.2732421875
16375 2050.464686870575 0.2728515625
16400 2052.3997206687927 0.2716796875
16425 2054.3671345710754 0.2720703125
16450 2056.2223846912384 0.2708984375
16475 2058.0338685512543 0.2716796875
16500 2059.9688823223114 0.268359375
16525 2061.769757270813 0.26953125
16550 2063.772531270981 0.2701171875
16575 2065.878438949585 0.2662109375
16600 2067.80810379982 0.2697265625
16625 2069.7242755889893 0.2685546875
16650 2071.629261493683 0.2673828125
16675 2073.540896654129 0.2697265625
16700 2075.5736951828003 0.2740234375
16725 2077.5368604660034 0.26953125
16750 2079.527133703232 0.26875
16775 2081.4793186187744 0.2685546875
16800 2083.37318611145 0.2677734375
16825 2085.1642487049103 0.267578125
16850 2086.9669308662415 0.26796875
16875 2088.741359949112 0.2720703125
16900 2090.589066505432 0.271875
16925 2092.494987010956 0.271875
16950 2094.380287885666 0.2708984375
16975 2096.311702489853 0.2740234375
17000 2098.310275554657 0.2771484375
17025 2100.256828069687 0.278125
17050 2102.3100759983063 0.273828125
17075 2104.248222351074 0.270703125
17100 2106.3090715408325 0.2693359375
17125 2108.252954006195 0.2708984375
17150 2110.1523084640503 0.272265625
17175 2112.1857240200043 0.2740234375
17200 2114.107966184616 0.2732421875
17225 2116.00758600235 0.2759765625
17250 2117.8190162181854 0.2720703125
17275 2119.7209701538086 0.2724609375
17300 2121.5598566532135 0.273046875
17325 2123.611299276352 0.274609375
17350 2125.4277172088623 0.275
17375 2127.3082880973816 0.2775390625
17400 2129.4327363967896 0.2765625
17425 2131.4539806842804 0.27890625
17450 2133.5294592380524 0.2791015625
17475 2135.450008869171 0.274609375
17500 2137.451184272766 0.2767578125
17525 2139.300942659378 0.2736328125
17550 2141.107717514038 0.27578125
17575 2143.0400195121765 0.2751953125
17600 2144.8938069343567 0.276953125
Index Rebuilt 14.277820765972137
New rebuild frequency: 2674
17625 2156.435472011566 0.282421875
17650 2158.363286972046 0.28671875
17675 2160.1666116714478 0.2859375
17700 2162.291603565216 0.2865234375
17725 2164.447958469391 0.284375
17750 2166.2900216579437 0.2822265625
17775 2168.244568824768 0.283984375
17800 2170.1791117191315 0.281640625
17825 2172.2220237255096 0.2814453125
17850 2174.233447790146 0.28515625
17875 2176.137206554413 0.283203125
17900 2177.9663412570953 0.28359375
17925 2179.975082397461 0.282421875
17950 2181.8542971611023 0.28203125
17975 2183.7216289043427 0.2802734375
18000 2185.5443580150604 0.2791015625
18025 2187.468264579773 0.280078125
18050 2189.316755771637 0.2806640625
18075 2191.3900878429413 0.28046875
18100 2193.4146900177 0.284765625
18125 2195.2848238945007 0.2841796875
18150 2197.1533663272858 0.2845703125
18175 2198.961760997772 0.2828125
18200 2200.791700363159 0.2814453125
18225 2202.6361858844757 0.28125
18250 2204.5829560756683 0.2794921875
18275 2206.5531239509583 0.2828125
18300 2208.525490760803 0.282421875
18325 2210.4691541194916 0.2826171875
18350 2212.421634197235 0.2849609375
18375 2214.3413319587708 0.2861328125
18400 2216.4121372699738 0.286328125
18425 2218.8262963294983 0.28671875
18450 2220.677540540695 0.28671875
18475 2222.6593787670135 0.28671875
18500 2224.66774225235 0.28671875
18525 2226.49089884758 0.2873046875
18550 2228.577525138855 0.2837890625
18575 2230.46218252182 0.2845703125
18600 2232.27765583992 0.2853515625
18625 2234.065182209015 0.2884765625
18650 2236.2588098049164 0.28828125
18675 2238.1894431114197 0.285546875
18700 2240.0785443782806 0.2837890625
18725 2242.045921087265 0.2861328125
18750 2244.1010715961456 0.2857421875
18775 2246.0558381080627 0.283203125
18800 2248.040331840515 0.278125
18825 2249.889184951782 0.27734375
18850 2251.746268749237 0.2787109375
18875 2253.5253281593323 0.2765625
18900 2255.355209827423 0.27734375
18925 2257.405433177948 0.2779296875
18950 2259.300555706024 0.2794921875
18975 2261.0927300453186 0.2767578125
19000 2263.02885723114 0.2759765625
19025 2264.9470739364624 0.275
19050 2266.804621219635 0.2775390625
19075 2268.751861333847 0.275
19100 2270.7833290100098 0.274609375
19125 2272.758675098419 0.2787109375
19150 2274.8516170978546 0.2787109375
19175 2276.802371263504 0.2796875
19200 2278.7515540122986 0.2783203125
19225 2280.7471005916595 0.2830078125
19250 2282.8100962638855 0.281640625
19275 2284.812682390213 0.2822265625
19300 2286.7186942100525 0.2845703125
19325 2288.5774834156036 0.2853515625
19350 2290.5039126873016 0.2880859375
19375 2292.504764318466 0.2865234375
19400 2294.4742045402527 0.28515625
19425 2296.477762699127 0.288671875
19450 2298.3563895225525 0.287890625
19475 2300.2448177337646 0.285546875
19500 2302.2675223350525 0.2849609375
19525 2304.246645927429 0.2830078125
19550 2306.062600851059 0.287109375
19575 2308.0964348316193 0.2884765625
19600 2310.1663875579834 0.2876953125
19625 2312.04780459404 0.2876953125
19650 2313.951481103897 0.2845703125
19675 2315.946357727051 0.28515625
19700 2317.7737374305725 0.28515625
19725 2319.6482977867126 0.288671875
19750 2321.5740830898285 0.2884765625
19775 2323.4763247966766 0.2888671875
19800 2325.332286119461 0.2859375
19825 2327.2478528022766 0.2875
19850 2329.0537292957306 0.290234375
19875 2331.0977654457092 0.2869140625
19900 2333.0760819911957 0.2869140625
19925 2334.8923392295837 0.290234375
19950 2336.9049685001373 0.2908203125
19975 2338.755437850952 0.289453125
20000 2340.631385087967 0.290625
20025 2342.705401659012 0.2880859375
20050 2344.729197740555 0.285546875
20075 2346.4995045661926 0.2861328125
20100 2348.3931996822357 0.284765625
20125 2350.1715886592865 0.2845703125
20150 2352.219099998474 0.284375
20175 2354.0785562992096 0.284765625
20200 2355.9816710948944 0.2814453125
20225 2357.952395439148 0.2830078125
20250 2359.8309667110443 0.284375
20275 2361.9136414527893 0.2796875
Index Rebuilt 16.373619318008423
New rebuild frequency: 3075
20300 2373.560553073883 0.285546875
20325 2375.588263273239 0.29140625
20350 2377.404536962509 0.2921875
20375 2379.307988882065 0.2935546875
20400 2381.3099343776703 0.294140625
20425 2383.108175754547 0.2970703125
20450 2384.9517221450806 0.3015625
20475 2386.8517186641693 0.2982421875
20500 2388.7462034225464 0.2990234375
20525 2390.545855998993 0.2998046875
20550 2392.4237546920776 0.2955078125
20575 2394.4384837150574 0.29609375
20600 2396.365753889084 0.2958984375
20625 2398.284584760666 0.2974609375
20650 2400.1562922000885 0.29921875
20675 2402.0546967983246 0.2958984375
20700 2403.8683230876923 0.2982421875
20725 2405.729926586151 0.298828125
20750 2407.6728875637054 0.3009765625
20775 2409.570196866989 0.3
20800 2411.49489068985 0.2998046875
20825 2413.404641389847 0.2984375
20850 2415.2458000183105 0.2947265625
20875 2417.1927120685577 0.29921875
20900 2419.0471704006195 0.2958984375
20925 2420.938663959503 0.295703125
20950 2423.0069019794464 0.296484375
20975 2424.895706176758 0.2931640625
21000 2426.808350801468 0.2951171875
21025 2428.7508523464203 0.29609375
21050 2430.698812484741 0.2974609375
21075 2432.5366673469543 0.2984375
21100 2434.40452504158 0.296875
21125 2436.3026909828186 0.297265625
21150 2438.169988155365 0.301171875
21175 2440.0344920158386 0.298828125
21200 2441.9571578502655 0.299609375
21225 2443.830029964447 0.2978515625
21250 2445.7444326877594 0.2994140625
21275 2447.6298859119415 0.2955078125
21300 2449.4770815372467 0.2958984375
21325 2451.308591604233 0.298046875
21350 2453.1913051605225 0.3013671875
21375 2455.0584692955017 0.3
21400 2456.9542450904846 0.3021484375
21425 2458.7822148799896 0.3041015625
21450 2460.6855330467224 0.30390625
21475 2462.622564792633 0.302734375
21500 2464.5130128860474 0.3009765625
21525 2466.3305048942566 0.30234375
21550 2468.1820073127747 0.3021484375
21575 2470.0731930732727 0.3021484375
21600 2471.9400522708893 0.3033203125
21625 2473.8375504016876 0.30390625
21650 2475.7699432373047 0.3015625
21675 2477.6609666347504 0.3017578125
21700 2479.5213170051575 0.2994140625
21725 2481.341722726822 0.296484375
21750 2483.1927568912506 0.2986328125
21775 2484.979514837265 0.2978515625
21800 2486.9135043621063 0.2966796875
21825 2488.7834417819977 0.298046875
21850 2490.6244246959686 0.2962890625
21875 2492.538224697113 0.29921875
21900 2494.6704516410828 0.2953125
21925 2496.630571126938 0.2966796875
21950 2498.569215774536 0.2982421875
21975 2500.450193166733 0.2974609375
22000 2502.3905053138733 0.2958984375
22025 2504.2561841011047 0.298828125
22050 2506.2130737304688 0.299609375
22075 2508.138528585434 0.298828125
22100 2510.0986874103546 0.2982421875
22125 2512.0395624637604 0.2958984375
22150 2514.025625228882 0.294921875
22175 2515.862686395645 0.29765625
22200 2517.782610654831 0.2994140625
22225 2519.6031415462494 0.3
22250 2521.4948358535767 0.2986328125
22275 2523.300188064575 0.29765625
22300 2525.2298741340637 0.29609375
22325 2527.1018295288086 0.2974609375
22350 2528.951906442642 0.2951171875
22375 2530.950174808502 0.2955078125
22400 2532.808004140854 0.29453125
22425 2534.6701686382294 0.2998046875
22450 2536.732115507126 0.298828125
22475 2538.643148422241 0.2998046875
22500 2540.5867972373962 0.2990234375
22525 2542.4865033626556 0.2998046875
22550 2544.628336429596 0.2984375
22575 2546.5650823116302 0.300390625
22600 2548.4910774230957 0.298828125
22625 2550.2804656028748 0.29921875
22650 2552.2165682315826 0.29921875
22675 2554.0887517929077 0.2990234375
22700 2555.9643013477325 0.2962890625
22725 2557.8794374465942 0.2982421875
22750 2559.7776803970337 0.295703125
22775 2561.700655937195 0.2978515625
22800 2563.614036798477 0.2998046875
22825 2565.518734931946 0.296484375
22850 2567.3473999500275 0.296484375
22875 2569.2162561416626 0.2951171875
22900 2571.1087017059326 0.2951171875
22925 2573.055783510208 0.2927734375
22950 2574.9952850341797 0.2962890625
22975 2576.9420087337494 0.2984375
23000 2578.828943967819 0.3009765625
23025 2580.809550046921 0.296875
23050 2582.6476225852966 0.2986328125
23075 2584.4063489437103 0.2958984375
23100 2586.2956030368805 0.2947265625
23125 2588.239716529846 0.2931640625
23150 2590.3219079971313 0.295703125
23175 2592.223527908325 0.296875
23200 2594.162038564682 0.297265625
23225 2596.254151582718 0.29609375
23250 2598.1369347572327 0.29453125
23275 2600.1854190826416 0.29296875
23300 2602.0876989364624 0.291015625
23325 2603.969467639923 0.2916015625
23350 2605.9201769828796 0.2927734375
Index Rebuilt 18.12611961364746
New rebuild frequency: 3536
23375 2617.6282210350037 0.29375
23400 2619.5509061813354 0.295703125
23425 2621.402634859085 0.3025390625
23450 2623.3035876750946 0.3044921875
23475 2625.1622903347015 0.305078125
23500 2627.0353264808655 0.3048828125
23525 2628.926231622696 0.3046875
23550 2630.8595983982086 0.3025390625
23575 2632.71031832695 0.303515625
23600 2634.5422377586365 0.3041015625
23625 2636.582236766815 0.3041015625
23650 2638.5146148204803 0.3076171875
23675 2640.4323003292084 0.3103515625
23700 2642.3154108524323 0.308203125
23725 2644.3218076229095 0.3107421875
23750 2646.126672267914 0.3068359375
23775 2648.0511243343353 0.3087890625
23800 2649.883416891098 0.3072265625
23825 2651.717779636383 0.3076171875
23850 2653.6323387622833 0.3095703125
23875 2655.479706764221 0.311328125
23900 2657.4197475910187 0.3107421875
23925 2659.232939004898 0.311328125
23950 2661.102523803711 0.3095703125
23975 2663.0760605335236 0.3064453125
24000 2664.9697701931 0.3060546875
24025 2666.849863767624 0.306640625
24050 2668.7315068244934 0.3037109375
24075 2670.497175693512 0.307421875
24100 2672.255413532257 0.307421875
24125 2674.088591337204 0.3029296875
24150 2675.958331823349 0.3033203125
24175 2677.8239364624023 0.3015625
24200 2679.736508369446 0.30078125
24225 2681.5478155612946 0.301171875
24250 2683.57710814476 0.3
24275 2685.4068145751953 0.300390625
24300 2687.2028107643127 0.2984375
24325 2689.011747121811 0.3009765625
24350 2690.8844261169434 0.3037109375
24375 2692.856963634491 0.30390625
24400 2694.679317712784 0.3048828125
24425 2696.455550432205 0.30703125
24450 2698.2352356910706 0.306640625
24475 2700.1456253528595 0.3056640625
24500 2701.977865219116 0.30546875
24525 2703.8631098270416 0.3037109375
24550 2705.7289202213287 0.3015625
24575 2707.826724052429 0.3017578125
24600 2709.8044481277466 0.3029296875
24625 2711.7008063793182 0.3015625
24650 2713.6036665439606 0.3044921875
24675 2715.5965197086334 0.3072265625
24700 2717.4804787635803 0.30859375
24725 2719.33372426033 0.3068359375
24750 2721.2590334415436 0.305859375
24775 2723.1033806800842 0.3037109375
24800 2725.1565277576447 0.3076171875
24825 2727.03253865242 0.3056640625
24850 2728.93318939209 0.3005859375
24875 2730.913259744644 0.298828125
24900 2732.834510564804 0.3021484375
24925 2734.673984527588 0.3021484375
24950 2736.730749607086 0.3005859375
24975 2738.7001473903656 0.302734375
25000 2740.6194002628326 0.3033203125
25025 2742.621240377426 0.301953125
25050 2744.592154979706 0.3041015625
25075 2746.562342643738 0.30546875
25100 2748.4333877563477 0.30234375
25125 2750.318638563156 0.2998046875
25150 2752.0998969078064 0.2984375
25175 2753.973789691925 0.301171875
25200 2755.967346906662 0.3013671875
25225 2757.791405439377 0.3037109375
25250 2759.6399784088135 0.306640625
25275 2761.4553487300873 0.3052734375
25300 2763.323470592499 0.308203125
25325 2765.2654173374176 0.312109375
25350 2767.325783729553 0.3119140625
25375 2769.1480202674866 0.309375
25400 2770.9884583950043 0.3076171875
25425 2772.9014327526093 0.3091796875
25450 2774.721333026886 0.30859375
25475 2776.593050479889 0.3107421875
25500 2778.543868303299 0.3134765625
25525 2780.5226950645447 0.3125
25550 2782.449735879898 0.3146484375
25575 2784.4786376953125 0.3169921875
25600 2786.3439486026764 0.3150390625
25625 2788.149533033371 0.3154296875
25650 2790.014190196991 0.313671875
25675 2791.8767504692078 0.3125
25700 2793.8374235630035 0.312109375
25725 2795.867011785507 0.312109375
25750 2797.7762694358826 0.312109375
25775 2799.567031145096 0.3146484375
25800 2801.481245279312 0.315625
25825 2803.4377393722534 0.3162109375
25850 2805.288074731827 0.3140625
25875 2807.1434535980225 0.3099609375
25900 2809.0258271694183 0.3083984375
25925 2810.924823284149 0.3064453125
25950 2812.7564499378204 0.307421875
25975 2814.639815092087 0.3109375
26000 2816.4366295337677 0.3115234375
26025 2818.4368777275085 0.312109375
26050 2820.275839328766 0.3109375
26075 2822.1035487651825 0.30546875
26100 2823.980410337448 0.3046875
26125 2825.8193175792694 0.3044921875
26150 2827.8314442634583 0.3052734375
26175 2829.6821830272675 0.305859375
26200 2831.530617237091 0.30234375
26225 2833.4107830524445 0.301953125
26250 2835.1850776672363 0.303515625
26275 2837.029925584793 0.30703125
26300 2838.8342514038086 0.309375
26325 2840.7812716960907 0.308984375
26350 2842.674919128418 0.3083984375
26375 2844.5161440372467 0.3109375
26400 2846.481409549713 0.3109375
26425 2848.3308684825897 0.3099609375
26450 2850.1117453575134 0.309375
26475 2851.909170627594 0.3068359375
26500 2853.7543144226074 0.3056640625
26525 2855.628076314926 0.30625
26550 2857.5665361881256 0.305859375
26575 2859.4573123455048 0.3091796875
26600 2861.3525111675262 0.3095703125
26625 2863.325366258621 0.3083984375
26650 2865.387303829193 0.30625
26675 2867.636077404022 0.3072265625
26700 2869.4973249435425 0.3041015625
26725 2871.3504359722137 0.305859375
26750 2873.3615534305573 0.3068359375
26775 2875.2539060115814 0.305859375
26800 2877.3029510974884 0.3048828125
26825 2879.197597503662 0.3095703125
26850 2881.0270318984985 0.306640625
26875 2882.9029009342194 0.30625
Index Rebuilt 19.905222952365875
New rebuild frequency: 4066
26900 2894.7415981292725 0.308203125
26925 2896.6005008220673 0.3115234375
26950 2898.543198823929 0.3103515625
26975 2900.454560279846 0.311328125
27000 2902.29438328743 0.3119140625
27025 2904.1732161045074 0.3115234375
27050 2906.432024240494 0.313671875
27075 2908.2786223888397 0.310546875
27100 2910.1216003894806 0.3119140625
27125 2912.1025879383087 0.312109375
27150 2913.982492685318 0.312109375
27175 2915.8080456256866 0.3142578125
27200 2917.6272757053375 0.3158203125
27225 2919.5183074474335 0.315234375
27250 2921.3336679935455 0.313671875
27275 2923.334439277649 0.3154296875
27300 2925.1371808052063 0.3154296875
27325 2926.9643366336823 0.316015625
27350 2928.9594373703003 0.3146484375
27375 2931.9761085510254 0.3158203125
27400 2935.4195704460144 0.3150390625
27425 2938.9654467105865 0.3134765625
27450 2940.7633023262024 0.3119140625
27475 2942.7591173648834 0.3103515625
27500 2944.5768291950226 0.3134765625
27525 2946.322755098343 0.314453125
27550 2948.271253347397 0.3150390625
27575 2950.085061788559 0.313671875
27600 2951.9847915172577 0.3130859375
27625 2954.1976211071014 0.3125
27650 2956.122618198395 0.3115234375
27675 2958.07674407959 0.3130859375
27700 2959.8879520893097 0.311328125
27725 2961.7710947990417 0.31328125
27750 2963.6501195430756 0.315625
27775 2965.471308708191 0.3154296875
27800 2967.48930811882 0.316015625
27825 2969.390382528305 0.3173828125
27850 2971.2479543685913 0.3173828125
27875 2973.0328934192657 0.31953125
27900 2974.909251689911 0.31875
27925 2976.9005241394043 0.3158203125
27950 2978.7328605651855 0.315625
27975 2980.54047703743 0.316015625
28000 2982.318285226822 0.3177734375
28025 2984.208040714264 0.315625
28050 2986.847536802292 0.313671875
28075 2988.727882385254 0.3154296875
28100 2990.6580996513367 0.31484375
28125 2992.4697444438934 0.3138671875
28150 2994.86172580719 0.3115234375
28175 2996.9705443382263 0.3171875
28200 2998.7855920791626 0.3134765625
28225 3000.618441581726 0.3158203125
28250 3002.3852405548096 0.316015625
28275 3004.2261476516724 0.314453125
28300 3006.2097175121307 0.3142578125
28325 3008.0574431419373 0.3154296875
28350 3010.02108669281 0.3119140625
28375 3011.9528143405914 0.3111328125
28400 3013.7872607707977 0.310546875
28425 3015.654112815857 0.312890625
28450 3017.6230318546295 0.316015625
28475 3019.3686034679413 0.319140625
28500 3021.2107503414154 0.3169921875
28525 3022.9986612796783 0.315234375
28550 3024.7667169570923 0.3162109375
28575 3026.816311597824 0.3173828125
28600 3028.716057062149 0.3181640625
28625 3030.6461522579193 0.3169921875
28650 3032.6158792972565 0.316015625
28675 3034.5253508090973 0.315234375
28700 3036.4177873134613 0.3171875
28725 3038.2150585651398 0.312890625
28750 3040.0005819797516 0.312890625
28775 3041.816689968109 0.3138671875
28800 3043.623899459839 0.3134765625
28825 3045.5047001838684 0.3140625
28850 3047.468864917755 0.3123046875
28875 3049.3534104824066 0.3107421875
28900 3051.2789204120636 0.3083984375
28925 3053.209319829941 0.305859375
28950 3055.055497407913 0.309375
28975 3056.8589844703674 0.31015625
29000 3058.7267463207245 0.30859375
29025 3060.6977450847626 0.309765625
29050 3062.569538831711 0.309375
29075 3064.379913330078 0.312890625
29100 3066.219318628311 0.316796875
29125 3068.1527602672577 0.3171875
29150 3070.0702323913574 0.3201171875
29175 3071.9249947071075 0.3173828125
29200 3073.7397096157074 0.313671875
29225 3075.5896179676056 0.313671875
29250 3077.4727115631104 0.3115234375
29275 3079.3735616207123 0.3142578125
29300 3081.1724750995636 0.3150390625
29325 3083.015545129776 0.315234375
29350 3084.7905733585358 0.3154296875
29375 3086.5474445819855 0.3154296875
29400 3088.3368039131165 0.316796875
29425 3090.2019143104553 0.318359375
29450 3092.0953063964844 0.3142578125
29475 3093.9457943439484 0.315625
29500 3095.7355632781982 0.3177734375
29525 3097.514853477478 0.319921875
29550 3099.397202730179 0.3169921875
29575 3101.394628047943 0.3173828125
29600 3103.3238117694855 0.3162109375
29625 3105.183384180069 0.3142578125
29650 3107.0616228580475 0.3140625
29675 3109.078821182251 0.315625
29700 3110.9091329574585 0.3169921875
29725 3112.7707104682922 0.3208984375
29750 3114.68287730217 0.3201171875
29775 3116.4823949337006 0.32265625
29800 3118.3734138011932 0.3189453125
29825 3120.2756366729736 0.3193359375
29850 3122.098251581192 0.3185546875
29875 3124.0421385765076 0.318359375
29900 3125.9541249275208 0.3171875
29925 3127.7728929519653 0.3166015625
29950 3129.7223098278046 0.319921875
29975 3131.5279352664948 0.318359375
30000 3133.4688177108765 0.316796875
30025 3135.3201637268066 0.3171875
30050 3137.33034825325 0.3146484375
30075 3139.20946598053 0.3138671875
30100 3141.084980249405 0.315625
30125 3143.1591606140137 0.3158203125
30150 3145.0172188282013 0.3171875
30175 3146.8921620845795 0.3142578125
30200 3148.6895830631256 0.3140625
30225 3150.5276510715485 0.315625
30250 3152.459226369858 0.315234375
30275 3154.302209377289 0.3158203125
30300 3156.1701114177704 0.3158203125
30325 3158.09899353981 0.3134765625
30350 3159.9634697437286 0.314453125
30375 3161.752099275589 0.3142578125
30400 3163.6805963516235 0.3162109375
30425 3165.61541724205 0.3154296875
30450 3167.4108209609985 0.313671875
30475 3169.35387635231 0.311328125
30500 3171.16956114769 0.309765625
30525 3173.069312095642 0.3125
30550 3174.9196758270264 0.3162109375
30575 3176.7987353801727 0.3162109375
30600 3178.6413748264313 0.3142578125
30625 3180.461263895035 0.315234375
30650 3182.326814889908 0.3220703125
30675 3184.2465164661407 0.315234375
30700 3186.0443818569183 0.31484375
30725 3187.894535303116 0.3142578125
30750 3189.696702480316 0.3140625
30775 3191.6077404022217 0.311328125
30800 3193.507068157196 0.3109375
30825 3195.3129189014435 0.3130859375
30850 3197.288702249527 0.308203125
30875 3199.230023622513 0.3087890625
30900 3200.9885008335114 0.3095703125
30925 3202.953572511673 0.3091796875
30950 3204.917857646942 0.311328125
Index Rebuilt 21.67265635728836
New rebuild frequency: 4675
30975 3216.934141397476 0.3146484375
31000 3218.7203454971313 0.31484375
31025 3220.7054648399353 0.3181640625
31050 3222.568828344345 0.3201171875
31075 3224.440507173538 0.320703125
31100 3226.3198359012604 0.3232421875
31125 3228.168309688568 0.3193359375
31150 3230.101197719574 0.31875
31175 3232.0382826328278 0.322265625
31200 3233.913049697876 0.3240234375
31225 3235.7704701423645 0.3265625
31250 3237.5535910129547 0.3263671875
31275 3239.4285123348236 0.3244140625
31300 3241.229180574417 0.3228515625
31325 3243.1378271579742 0.324609375
31350 3245.0133407115936 0.3240234375
31375 3246.8898751735687 0.32421875
31400 3248.7581870555878 0.3263671875
31425 3250.509229660034 0.3265625
31450 3252.2338564395905 0.321484375
31475 3254.116559267044 0.319921875
31500 3255.9006559848785 0.32109375
31525 3257.7219626903534 0.31796875
31550 3259.5849730968475 0.3181640625
31575 3261.3552751541138 0.3150390625
31600 3263.145646095276 0.3150390625
31625 3264.9435245990753 0.3162109375
31650 3266.7143607139587 0.3181640625
31675 3268.635402441025 0.3181640625
31700 3270.4705238342285 0.3158203125
31725 3272.292014837265 0.3138671875
31750 3274.2724375724792 0.3138671875
31775 3276.038816690445 0.3150390625
31800 3277.9226138591766 0.3166015625
31825 3279.818826198578 0.3146484375
31850 3281.6033589839935 0.3140625
31875 3283.4821269512177 0.3158203125
31900 3285.2465629577637 0.316015625
31925 3286.9677255153656 0.3150390625
31950 3288.7084817886353 0.31796875
31975 3290.6079308986664 0.31875
32000 3292.469521522522 0.3193359375
32025 3294.352386713028 0.3212890625
32050 3296.116676092148 0.323046875
32075 3298.0536217689514 0.3234375
32100 3299.922392129898 0.3244140625
32125 3301.743649482727 0.325
32150 3303.625351190567 0.3244140625
32175 3305.576780796051 0.324609375
32200 3307.4254052639008 0.3208984375
32225 3309.3804411888123 0.321484375
32250 3311.3097200393677 0.323046875
32275 3313.0816807746887 0.325390625
32300 3315.0414979457855 0.322265625
32325 3316.98881483078 0.3228515625
32350 3318.7330827713013 0.3236328125
32375 3321.0515687465668 0.3283203125
32400 3322.8869338035583 0.3251953125
32425 3324.8150742053986 0.32421875
32450 3326.72522521019 0.322265625
32475 3328.561338663101 0.32421875
32500 3330.5044248104095 0.3224609375
32525 3332.280963897705 0.3232421875
32550 3334.084895849228 0.323046875
32575 3336.008116722107 0.324609375
32600 3337.788600921631 0.324609375
32625 3339.69650554657 0.321875
32650 3341.525985479355 0.319921875
32675 3343.2476654052734 0.3193359375
32700 3345.24990439415 0.31796875
32725 3347.2264535427094 0.3181640625
32750 3349.0504405498505 0.31875
32775 3350.9511454105377 0.317578125
32800 3352.774205684662 0.3177734375
32825 3354.678757429123 0.319140625
32850 3356.514856338501 0.317578125
32875 3358.336818933487 0.31640625
32900 3360.2038898468018 0.315625
32925 3362.050160884857 0.3173828125
32950 3363.8314352035522 0.3208984375
32975 3365.7421078681946 0.3224609375
33000 3367.580351829529 0.320703125
33025 3369.313973426819 0.3216796875
33050 3371.1296730041504 0.321875
33075 3372.920473575592 0.3234375
33100 3374.8670361042023 0.3232421875
33125 3376.6942789554596 0.3251953125
33150 3378.483211040497 0.3248046875
33175 3380.3328289985657 0.324609375
33200 3382.114515542984 0.3251953125
33225 3384.1610198020935 0.324609375
33250 3386.0926694869995 0.3248046875
33275 3387.987915992737 0.323828125
33300 3389.786871433258 0.323828125
33325 3391.587959051132 0.325
33350 3393.501793861389 0.32578125
33375 3395.2964487075806 0.32421875
33400 3397.406206846237 0.3216796875
33425 3399.2553555965424 0.322265625
33450 3401.0910346508026 0.3216796875
33475 3402.997521162033 0.32265625
33500 3404.7610228061676 0.3220703125
33525 3406.497814655304 0.3205078125
33550 3408.325956583023 0.320703125
33575 3410.2505753040314 0.3208984375
33600 3412.1991691589355 0.3236328125
33625 3413.983361005783 0.3244140625
33650 3415.796637058258 0.3259765625
33675 3417.6806466579437 0.3234375
33700 3419.4117560386658 0.3234375
33725 3421.1946692466736 0.3220703125
33750 3422.9372143745422 0.3248046875
33775 3424.909231901169 0.321484375
33800 3426.6423716545105 0.3224609375
33825 3428.449395418167 0.3232421875
33850 3430.436463832855 0.3271484375
33875 3432.2339923381805 0.3244140625
33900 3434.2419633865356 0.3251953125
33925 3436.276202440262 0.3248046875
33950 3438.086384534836 0.3265625
33975 3439.987801551819 0.3255859375
34000 3441.8770101070404 0.324609375
34025 3443.8751623630524 0.324609375
34050 3445.662517309189 0.3255859375
34075 3447.5363001823425 0.3244140625
34100 3449.358916759491 0.325390625
34125 3451.5182933807373 0.32421875
34150 3453.3172483444214 0.3236328125
34175 3455.10040807724 0.32421875
34200 3456.9371523857117 0.3248046875
34225 3458.930991411209 0.3265625
34250 3460.7662320137024 0.3283203125
34275 3462.5737113952637 0.32734375
34300 3464.415698289871 0.3265625
34325 3466.363635778427 0.3251953125
34350 3468.2020933628082 0.3236328125
34375 3470.045637845993 0.3240234375
34400 3472.090954065323 0.32421875
34425 3473.922214746475 0.3228515625
34450 3475.725639820099 0.3201171875
34475 3477.571610927582 0.3208984375
34500 3479.3508791923523 0.3228515625
34525 3481.31254529953 0.323828125
34550 3483.187286376953 0.32265625
34575 3485.2349700927734 0.32421875
34600 3487.0459892749786 0.326953125
34625 3488.811025619507 0.3275390625
34650 3490.739910840988 0.328515625
34675 3492.593591928482 0.3236328125
34700 3494.383873462677 0.325
34725 3496.2792201042175 0.3251953125
34750 3498.032949924469 0.322265625
34775 3499.8063158988953 0.3251953125
34800 3501.734757423401 0.3271484375
34825 3503.485283136368 0.325
34850 3505.3030858039856 0.3236328125
34875 3507.110400915146 0.321875
34900 3508.8664560317993 0.320703125
34925 3510.8461372852325 0.319140625
34950 3512.5892012119293 0.3208984375
34975 3514.4297547340393 0.3216796875
35000 3516.4864048957825 0.3189453125
35025 3518.259248495102 0.3197265625
35050 3520.0058143138885 0.3220703125
35075 3521.8245952129364 0.3232421875
35100 3523.724942445755 0.3208984375
35125 3525.58646774292 0.323828125
35150 3527.5240557193756 0.3234375
35175 3529.3021931648254 0.3265625
35200 3531.0367119312286 0.3244140625
35225 3532.9635524749756 0.322265625
35250 3534.711902856827 0.3220703125
35275 3536.5342009067535 0.321875
35300 3538.3368401527405 0.32265625
35325 3540.219413280487 0.32578125
35350 3542.1087799072266 0.3259765625
35375 3543.9054913520813 0.323046875
35400 3545.756106853485 0.3216796875
35425 3547.5962302684784 0.3197265625
35450 3549.3367791175842 0.31875
35475 3551.174812555313 0.319140625
35500 3552.9524953365326 0.3201171875
35525 3554.7180852890015 0.3208984375
35550 3556.443861246109 0.319921875
35575 3558.245488882065 0.3201171875
35600 3560.1579661369324 0.32109375
35625 3561.932109594345 0.31875
Index Rebuilt 23.32611858844757
New rebuild frequency: 5376
35650 3573.8379645347595 0.321875
35675 3575.7410373687744 0.325
35700 3577.659817457199 0.324609375
35725 3579.5786287784576 0.324609375
35750 3581.395891904831 0.3201171875
35775 3583.3262026309967 0.3224609375
35800 3585.2111253738403 0.32421875
35825 3586.983111143112 0.3236328125
35850 3588.867657184601 0.3240234375
35875 3590.5630974769592 0.323046875
35900 3592.356842279434 0.325390625
35925 3594.155398607254 0.3244140625
35950 3595.997492313385 0.3265625
35975 3597.84285569191 0.325
36000 3599.5977420806885 0.3275390625
36025 3601.3883798122406 0.330078125
36050 3603.192734003067 0.331640625
36075 3605.0352890491486 0.3296875
36100 3606.937246322632 0.329296875
36125 3608.7788059711456 0.330078125
36150 3610.5738077163696 0.3318359375
36175 3612.389846801758 0.3294921875
36200 3614.427995443344 0.3333984375
36225 3616.302261352539 0.3333984375
36250 3618.07412815094 0.333984375
36275 3619.840950489044 0.33671875
36300 3621.6780712604523 0.33515625
36325 3623.564663887024 0.332421875
36350 3625.3792181015015 0.3310546875
36375 3627.163075685501 0.3302734375
36400 3629.0932404994965 0.3326171875
36425 3630.9448812007904 0.330859375
36450 3632.865709066391 0.330078125
36475 3634.74711894989 0.3283203125
36500 3636.5688161849976 0.327734375
36525 3638.446507692337 0.3326171875
36550 3640.32959651947 0.3298828125
36575 3642.2345497608185 0.332421875
36600 3644.0782794952393 0.3322265625
36625 3646.0184926986694 0.332421875
36650 3647.793900489807 0.3310546875
36675 3649.6091434955597 0.328515625
36700 3651.5535113811493 0.3296875
36725 3653.439957141876 0.3322265625
36750 3655.363176345825 0.330078125
36775 3657.3002848625183 0.32890625
36800 3659.1476662158966 0.328515625
36825 3660.9419729709625 0.327734375
36850 3662.85528421402 0.328515625
36875 3664.7078795433044 0.3283203125
36900 3666.643360376358 0.33046875
36925 3668.383625984192 0.33203125
36950 3670.2716200351715 0.3296875
36975 3672.1607620716095 0.328515625
37000 3673.974580526352 0.328125
37025 3675.806629896164 0.32421875
37050 3677.5960705280304 0.325390625
37075 3679.4691426754 0.3267578125
37100 3681.4319455623627 0.3279296875
37125 3683.2488265037537 0.3283203125
37150 3685.113213300705 0.3265625
37175 3686.926945924759 0.326171875
37200 3688.801120042801 0.3251953125
37225 3690.6546828746796 0.324609375
37250 3692.6091437339783 0.3248046875
37275 3694.4164683818817 0.3236328125
37300 3696.3528213500977 0.323828125
37325 3698.2517693042755 0.3234375
37350 3700.099338531494 0.324609375
37375 3701.8773868083954 0.3228515625
37400 3703.925691127777 0.3228515625
37425 3705.825019836426 0.32109375
37450 3707.7014303207397 0.321875
37475 3709.604744195938 0.3205078125
37500 3711.52574300766 0.320703125
37525 3713.328726053238 0.3185546875
37550 3715.1403996944427 0.3212890625
37575 3717.145987510681 0.321875
37600 3718.9271240234375 0.3234375
37625 3720.7886095046997 0.3216796875
37650 3722.6943795681 0.321484375
37675 3724.5775170326233 0.322265625
37700 3726.3933477401733 0.323046875
37725 3728.193506717682 0.325
37750 3730.094085216522 0.3279296875
37775 3731.9266045093536 0.3271484375
37800 3733.7434310913086 0.330859375
37825 3735.7074344158173 0.3283203125
37850 3737.454478263855 0.3291015625
37875 3739.3509216308594 0.329296875
37900 3741.2779624462128 0.33046875
37925 3743.1047687530518 0.330859375
37950 3744.871866464615 0.3298828125
37975 3746.6594817638397 0.3296875
38000 3748.5388021469116 0.330078125
38025 3750.448058605194 0.329296875
38050 3752.194406747818 0.33046875
38075 3753.98832654953 0.3326171875
38100 3755.8458845615387 0.3318359375
38125 3757.7169682979584 0.3322265625
38150 3759.562741994858 0.3306640625
38175 3761.4534919261932 0.330078125
38200 3763.3881578445435 0.3330078125
38225 3765.209787607193 0.330078125
38250 3766.99627161026 0.33125
38275 3768.8095703125 0.3326171875