Epoch 0
1000 639 0.0152344
1915 1221 0.0761719
Epoch 1
2000 1282 0.0837891
3000 1936 0.185156
3830 2475 0.218594
Epoch 2
4000 2590 0.225195
5000 3243 0.279687
5745 3726 0.281094
Epoch 3
6000 3901 0.286328
7000 4548 0.301563
7660 4973 0.296641
Epoch 4
8000 5198 0.301563
9000 5848 0.316602
9575 6222 0.305312
Epoch 5
10000 6501 0.313281
11000 7154 0.325391
11490 7472 0.312578
Epoch 6
12000 7808 0.319531
13000 8460 0.332617
13405 8724 0.321562
Epoch 7
14000 9116 0.327734
15000 9769 0.330664
15320 9975 0.321875
Epoch 8
16000 10423 0.333789
17000 11076 0.335938
17235 11230 0.329531
Epoch 9
18000 11737 0.332617
19000 12391 0.333594
19150 12489 0.327117