50 4.264659643173218 0.0046875
100 8.523672819137573 0.00625
150 12.788143396377563 0.0083984375
200 16.901378393173218 0.0123046875
250 20.982274770736694 0.015234375
300 25.01860499382019 0.01796875
350 29.04650568962097 0.02109375
400 33.083064556121826 0.023046875
450 37.16043043136597 0.0236328125
500 41.20073485374451 0.025390625
550 45.23968863487244 0.0294921875
600 49.29425883293152 0.0314453125
650 53.33486270904541 0.03359375
700 57.34837818145752 0.034765625
750 61.381410360336304 0.0375
800 65.41886258125305 0.0392578125
850 69.48146080970764 0.040234375
900 73.52483797073364 0.0435546875
950 77.6198456287384 0.04765625
1000 81.65623378753662 0.05078125
1050 85.70689582824707 0.05234375
1100 89.75178599357605 0.0521484375
1150 93.78779911994934 0.052734375
1200 97.85850763320923 0.0529296875
1250 101.91696071624756 0.0556640625
1300 105.9600899219513 0.0568359375
1350 110.03811430931091 0.0576171875
1400 114.07144856452942 0.0591796875
1450 118.11138272285461 0.06015625
1500 122.13296341896057 0.0640625
1550 126.17228579521179 0.066796875
1600 130.2067573070526 0.0703125
1650 134.25855612754822 0.069921875
1700 138.30062651634216 0.070703125
1750 142.35722136497498 0.0732421875
1800 146.40037083625793 0.074609375
1850 150.43948364257812 0.0779296875
1900 154.4805872440338 0.0791015625
1950 158.57922291755676 0.08203125
2000 162.62866806983948 0.092578125
2050 166.68348240852356 0.109765625
2100 170.72257256507874 0.1212890625
2150 174.78739023208618 0.1306640625
2200 178.82246494293213 0.1390625
2250 182.85368037223816 0.1439453125
2300 186.8975179195404 0.1513671875
2350 190.93524312973022 0.1572265625
2400 194.96524786949158 0.15859375
2450 199.01248908042908 0.1595703125
2500 203.05224442481995 0.1619140625
2550 207.09081530570984 0.1646484375
2600 211.10760188102722 0.1693359375
2650 215.14047932624817 0.174609375
2700 219.2122242450714 0.1775390625
2750 223.2490918636322 0.179296875
2800 227.2897481918335 0.1806640625
2850 231.34418034553528 0.1837890625
2900 235.39570093154907 0.1884765625
2950 239.45888757705688 0.1884765625
3000 243.50037145614624 0.1919921875
3050 247.58263731002808 0.1916015625
3100 251.62348699569702 0.1939453125
3150 255.6553773880005 0.19609375
3200 259.6876151561737 0.1986328125
3250 263.74185061454773 0.20390625
3300 267.77301144599915 0.204296875
3350 271.8097927570343 0.2064453125
3400 275.84183740615845 0.2068359375
3450 279.8846344947815 0.2095703125
3500 283.9184601306915 0.2119140625
3550 287.97739028930664 0.2109375
3600 292.02955770492554 0.2103515625
3650 296.0803065299988 0.2123046875
3700 300.1249666213989 0.2150390625
3750 304.1642198562622 0.219140625
3800 308.2091131210327 0.2203125
3850 312.30653858184814 0.22578125
3900 316.3817391395569 0.2234375
3950 320.4430787563324 0.2216796875
4000 324.4743432998657 0.235546875
4050 328.5244872570038 0.24296875
4100 332.7034089565277 0.2474609375
4150 336.9264934062958 0.2494140625
4200 341.1719207763672 0.2544921875
4250 345.28215169906616 0.2578125
4300 349.31628489494324 0.2595703125
4350 353.3491880893707 0.258984375
4400 357.3888864517212 0.261328125
4450 361.4278829097748 0.2625
4500 365.4486792087555 0.26640625
4550 369.4754796028137 0.263671875
4600 373.5109815597534 0.2638671875
4650 377.592262506485 0.26953125
4700 381.6349444389343 0.2689453125
4750 385.6735053062439 0.26953125
4800 389.7190115451813 0.26953125
4850 393.76070737838745 0.2716796875
4900 397.7987678050995 0.2732421875
4950 401.831485748291 0.2740234375
5000 405.86828327178955 0.2736328125
5050 409.88313388824463 0.2751953125
5100 413.9225058555603 0.27734375
5150 417.96538615226746 0.2779296875
5200 422.00687408447266 0.27890625
5250 426.0402510166168 0.27578125
5300 430.0789954662323 0.276953125
5350 434.1033549308777 0.2783203125
5400 438.17383670806885 0.28046875
5450 442.2103183269501 0.2818359375
5500 446.2594668865204 0.2818359375
5550 450.2950773239136 0.2818359375
5600 454.40478897094727 0.2818359375
5650 458.4527237415314 0.28125
5700 462.5023467540741 0.2841796875
5750 466.59797739982605 0.285546875
5800 470.69534516334534 0.2875
5850 474.7416331768036 0.2806640625
5900 478.80097913742065 0.27890625
5950 482.8428773880005 0.28203125
6000 486.99514150619507 0.2837890625
6050 491.1169970035553 0.2892578125
6100 495.18545746803284 0.2892578125
6150 499.2329339981079 0.287890625
6200 503.27915620803833 0.2931640625
6250 507.3234918117523 0.2931640625
6300 511.38262963294983 0.3
6350 515.4274225234985 0.2962890625
6400 519.4730732440948 0.298828125
6450 523.5141835212708 0.2978515625
6500 527.5467586517334 0.29921875
6550 531.605233669281 0.2998046875
6600 535.6483027935028 0.3013671875
6650 539.6960108280182 0.3005859375
6700 543.7759265899658 0.30234375
6750 547.8128292560577 0.302734375
6800 551.858966588974 0.30234375
6850 555.9048390388489 0.3001953125
6900 559.943806886673 0.300390625
6950 563.9805824756622 0.3013671875
7000 568.0261323451996 0.2998046875
7050 572.0608823299408 0.301171875
7100 576.1696095466614 0.303515625
7150 580.2203507423401 0.3068359375
7200 584.2592289447784 0.3048828125
7250 588.2890980243683 0.3044921875
7300 592.4835731983185 0.3060546875
7350 596.535062789917 0.30625
7400 600.8995764255524 0.305859375
7450 604.9442172050476 0.3068359375
7500 609.0439610481262 0.3064453125
7550 613.0936768054962 0.30703125
7600 617.1266210079193 0.3078125
7650 621.1676728725433 0.3068359375
7700 625.2757084369659 0.3095703125
7750 629.3244788646698 0.3119140625
7800 633.374528169632 0.3091796875
7850 637.411714553833 0.3072265625
7900 641.4553880691528 0.3103515625
7950 645.4867405891418 0.311328125
8000 649.5153877735138 0.314453125
8050 653.5551650524139 0.3140625
8100 657.5968105792999 0.316796875
8150 661.6265153884888 0.31328125
8200 665.6763935089111 0.3173828125
8250 669.7190907001495 0.316015625
8300 673.7508981227875 0.3173828125
8350 677.7628438472748 0.3140625
8400 681.7877342700958 0.31796875
8450 685.8275489807129 0.3212890625
8500 689.8551917076111 0.323828125
8550 693.8923027515411 0.3234375
8600 697.9338245391846 0.320703125
8650 701.9702703952789 0.32109375
8700 706.0068936347961 0.3216796875
8750 710.0508232116699 0.3205078125
8800 714.0921869277954 0.3216796875
8850 718.1469068527222 0.3236328125
8900 722.2136030197144 0.3224609375
8950 726.2479200363159 0.321484375
9000 730.2984676361084 0.3197265625
9050 734.3440556526184 0.319140625
9100 738.3925356864929 0.3212890625
9150 742.4237654209137 0.3216796875
9200 746.4521048069 0.3224609375
9250 750.4931690692902 0.3216796875
9300 754.537948846817 0.3208984375
9350 758.5743670463562 0.31953125
9400 762.6251726150513 0.31953125
9450 766.6744132041931 0.3232421875
9500 770.7138669490814 0.321875
9550 774.7652461528778 0.322265625
9600 778.8510754108429 0.323046875
9650 782.9086737632751 0.3248046875
9700 786.9602108001709 0.3259765625
9750 791.0021893978119 0.3275390625
9800 795.0558717250824 0.3267578125
9850 799.1028089523315 0.3291015625
9900 803.128776550293 0.3271484375
9950 807.1674904823303 0.330859375
10000 811.2044129371643 0.329296875
10050 815.2878246307373 0.3287109375
10100 819.3293504714966 0.3294921875
10150 823.3746654987335 0.332421875
10200 827.4472210407257 0.327734375
10250 831.4705357551575 0.3302734375
10300 835.6473479270935 0.3298828125
10350 839.8857409954071 0.329296875
10400 844.0435335636139 0.330078125
10450 848.1396884918213 0.33046875
10500 852.191508769989 0.3326171875
10550 856.2355053424835 0.3306640625
10600 860.2977380752563 0.3322265625
10650 864.3324370384216 0.3296875
10700 868.3710086345673 0.330078125
10750 872.4199740886688 0.3318359375
10800 876.4352893829346 0.3330078125
10850 880.4739775657654 0.331640625
10900 884.517950296402 0.3296875
10950 888.552324295044 0.3296875
11000 892.5901737213135 0.3314453125
11050 896.6269772052765 0.3310546875
11100 900.6529438495636 0.33046875
11150 904.6829152107239 0.33125
11200 908.7242732048035 0.32890625
11250 912.7824106216431 0.3310546875
11300 916.8613543510437 0.3318359375
11350 920.8954229354858 0.330859375
11400 924.9415860176086 0.3287109375
11450 928.9834985733032 0.3271484375
11500 933.0643639564514 0.3318359375
11550 937.1180202960968 0.330078125
11600 941.2393066883087 0.3345703125
11650 945.281379699707 0.33828125
11700 949.3567633628845 0.333984375
11750 953.4917423725128 0.334375
11800 957.5291254520416 0.3373046875
11850 961.5915818214417 0.3361328125
11900 965.6814186573029 0.337890625
11950 969.7183330059052 0.3388671875
12000 973.7596983909607 0.3357421875
12050 977.7993941307068 0.3373046875
12100 981.8446476459503 0.3390625
12150 985.8758599758148 0.337890625
12200 989.9011700153351 0.340234375
12250 993.9326875209808 0.341015625
12300 997.9745864868164 0.3404296875
12350 1002.0433878898621 0.340234375
12400 1006.0952582359314 0.3388671875
12450 1010.1374709606171 0.338671875
12500 1014.1751401424408 0.340625
12550 1018.2249035835266 0.33828125
12600 1022.2686810493469 0.3373046875
12650 1026.3064334392548 0.340234375
12700 1030.3311438560486 0.340625
12750 1034.3821489810944 0.339453125
12800 1038.417216539383 0.335546875
12850 1042.5133402347565 0.336328125
12900 1046.5432913303375 0.341015625
12950 1050.587396144867 0.3365234375
13000 1054.6066687107086 0.3373046875
13050 1058.6431477069855 0.3384765625
13100 1062.6817302703857 0.33984375
13150 1066.7326400279999 0.3390625
13200 1070.7793233394623 0.3369140625
13250 1074.8252606391907 0.3361328125
13300 1078.8724267482758 0.3359375
13350 1082.9132933616638 0.3365234375
13400 1086.9552648067474 0.3365234375
13450 1091.2542498111725 0.3380859375
13500 1095.5065591335297 0.340625
13550 1099.5596151351929 0.3416015625
13600 1103.6004240512848 0.341796875
13650 1107.6466071605682 0.33984375
13700 1111.6862823963165 0.3412109375
13750 1115.7118549346924 0.339453125
13800 1119.7493414878845 0.340234375
13850 1123.797175168991 0.3416015625
13900 1127.8680310249329 0.3427734375
13950 1131.9225039482117 0.3423828125
14000 1135.9659805297852 0.340625
14050 1140.0159652233124 0.340625
14100 1144.0216872692108 0.340234375
14150 1148.0484945774078 0.340625
14200 1152.144834280014 0.343359375
14250 1156.1773176193237 0.341015625
14300 1160.2235207557678 0.3435546875
14350 1164.2604286670685 0.3419921875
14400 1168.3057610988617 0.3421875
14450 1172.3620386123657 0.3431640625
14500 1176.3988344669342 0.3462890625
14550 1180.4719367027283 0.3443359375
14600 1184.510458946228 0.3455078125
14650 1188.592651605606 0.3443359375
14700 1192.6634469032288 0.34296875
14750 1196.7162611484528 0.3447265625
14800 1200.7542939186096 0.34453125
14850 1204.8007199764252 0.3443359375
14900 1208.830039024353 0.344921875
14950 1212.8648128509521 0.3455078125
15000 1216.9067270755768 0.343359375
15050 1220.9552190303802 0.3431640625
15100 1225.028256893158 0.3423828125
15150 1229.0857365131378 0.3419921875
15200 1233.132063627243 0.3416015625
15250 1237.1753461360931 0.3404296875
15300 1241.222374200821 0.3392578125
15350 1245.3309044837952 0.3412109375
15400 1249.3933491706848 0.3435546875
15450 1253.4417452812195 0.35
15500 1257.488585472107 0.3515625
15550 1261.544391155243 0.34921875
15600 1265.5884239673615 0.3474609375
15650 1269.6188898086548 0.3474609375
15700 1273.6655609607697 0.346484375
15750 1277.7084317207336 0.348828125
15800 1281.7454898357391 0.3484375
15850 1285.7867770195007 0.3486328125
15900 1289.867882490158 0.3486328125
15950 1293.9006924629211 0.346484375
16000 1297.9240624904633 0.3486328125
16050 1301.9545123577118 0.346875
16100 1305.9877474308014 0.345703125
16150 1310.0202910900116 0.3416015625
16200 1314.0629653930664 0.3421875
16250 1318.1102855205536 0.3423828125
16300 1322.158281326294 0.3431640625
16350 1326.2127048969269 0.3435546875
16400 1330.2532353401184 0.3451171875
16450 1334.2969994544983 0.3451171875
16500 1338.3485891819 0.348046875
16550 1342.3817694187164 0.348046875
16600 1346.4222111701965 0.34921875
16650 1350.4792094230652 0.346875
16700 1354.5236825942993 0.34609375
16750 1358.5663261413574 0.346875
16800 1362.6223847866058 0.348046875
16850 1366.6621308326721 0.346875
16900 1370.7042636871338 0.3447265625
16950 1374.7591891288757 0.34140625
17000 1378.8163311481476 0.3474609375
17050 1382.8718197345734 0.34609375
17100 1386.9366693496704 0.34375
17150 1390.9848229885101 0.3435546875
17200 1395.0453894138336 0.3390625
17250 1399.191597700119 0.339453125
17300 1403.249483346939 0.3404296875
17350 1407.297863483429 0.34609375
17400 1411.3328189849854 0.3486328125
17450 1415.3862791061401 0.3482421875
17500 1419.437577009201 0.3501953125
17550 1423.4648945331573 0.351953125
17600 1427.4999158382416 0.3490234375
17650 1431.5472717285156 0.3541015625
17700 1435.5772573947906 0.35390625
17750 1439.6137430667877 0.351171875
17800 1443.661030292511 0.3509765625
17850 1447.7042801380157 0.348828125
17900 1451.730696439743 0.3515625
17950 1455.7661566734314 0.35078125
18000 1459.7961382865906 0.345703125
18050 1463.8279254436493 0.348828125
18100 1467.8798327445984 0.3521484375
18150 1471.9272108078003 0.35
18200 1475.9735741615295 0.34921875
18250 1480.0149693489075 0.3515625
18300 1484.064918756485 0.3498046875
18350 1488.0952796936035 0.3498046875
18400 1492.144755601883 0.3486328125
18450 1496.164996623993 0.35234375
18500 1500.2147297859192 0.3515625
18550 1504.2494401931763 0.3490234375
18600 1508.287962436676 0.3484375
18650 1512.3277614116669 0.3498046875
18700 1516.3683686256409 0.3482421875
18750 1520.396722793579 0.3482421875
18800 1524.4304480552673 0.3501953125
18850 1528.4805119037628 0.3494140625
18900 1532.538500547409 0.35
18950 1536.5881917476654 0.35
19000 1540.6375529766083 0.35
19050 1544.725105524063 0.3486328125
19100 1548.7850630283356 0.346875
19150 1552.856333732605 0.3466796875
19200 1556.9533576965332 0.349609375
19250 1561.0026953220367 0.3517578125
19300 1565.0620610713959 0.351171875
19350 1569.1051552295685 0.3525390625
19400 1573.1480693817139 0.35234375
19450 1577.1817078590393 0.3498046875
19500 1581.2071459293365 0.35
19550 1585.2420661449432 0.351953125
19600 1589.2792644500732 0.35234375
19650 1593.3115735054016 0.3537109375
19700 1597.3591940402985 0.3533203125
19750 1601.4409654140472 0.3505859375
19800 1605.482338666916 0.3521484375
19850 1609.4935715198517 0.3515625
19900 1613.5283415317535 0.3490234375
19950 1617.5791432857513 0.3509765625
20000 1621.6205911636353 0.352734375
20050 1625.675552368164 0.3541015625
20100 1629.7077462673187 0.3529296875
20150 1633.7518451213837 0.3533203125
20200 1637.8015775680542 0.3498046875
20250 1641.8453032970428 0.3517578125
20300 1645.8852078914642 0.351953125
20350 1649.9092600345612 0.3533203125
20400 1653.9519579410553 0.351171875
20450 1657.9786751270294 0.352734375
20500 1662.0166528224945 0.3515625
20550 1666.043804883957 0.350390625
20600 1670.0798757076263 0.35078125
20650 1674.101324558258 0.353125
20700 1678.135526418686 0.3521484375
20750 1682.170399427414 0.35234375
20800 1686.22176527977 0.35234375
20850 1690.2594330310822 0.3529296875
20900 1694.3158371448517 0.3509765625
20950 1698.3583343029022 0.3521484375
21000 1702.3912992477417 0.3529296875
21050 1706.509168624878 0.35
21100 1710.613646030426 0.3482421875
21150 1714.6656155586243 0.3509765625
21200 1718.7215149402618 0.3517578125
21250 1722.7603266239166 0.355078125
21300 1726.8613243103027 0.35234375
21350 1730.9004492759705 0.3521484375
21400 1734.9348945617676 0.3515625
21450 1738.985200881958 0.354296875
21500 1743.0294134616852 0.356640625
21550 1747.0668902397156 0.35390625
21600 1751.1187143325806 0.3509765625
21650 1755.293443441391 0.350390625
21700 1759.3301470279694 0.34765625
21750 1763.3490946292877 0.3501953125
21800 1767.381065607071 0.3474609375
21850 1771.4177198410034 0.34765625
21900 1775.449726819992 0.350390625
21950 1779.4926266670227 0.35078125
22000 1783.5430312156677 0.351171875
22050 1787.5936787128448 0.351171875
22100 1791.6427023410797 0.353125
22150 1795.6865122318268 0.3541015625
22200 1799.7256724834442 0.3517578125
22250 1803.7644429206848 0.3544921875
22300 1807.7992839813232 0.3517578125
22350 1811.8306057453156 0.35234375
22400 1815.8872828483582 0.3517578125
22450 1819.9180839061737 0.35
22500 1823.9596683979034 0.353515625
22550 1827.9994113445282 0.3548828125
22600 1832.0366258621216 0.3544921875
22650 1836.0718240737915 0.357421875
22700 1840.1200878620148 0.355859375
22750 1844.1713252067566 0.3544921875
22800 1848.2186579704285 0.3515625
22850 1852.2706027030945 0.3546875
22900 1856.3153986930847 0.3564453125
22950 1860.3680698871613 0.3529296875
23000 1864.478989124298 0.3505859375
23050 1868.53200507164 0.351953125
23100 1872.5817189216614 0.35390625
23150 1876.6125893592834 0.355078125
23200 1880.6597046852112 0.355078125
23250 1884.7090985774994 0.352734375
23300 1888.7338545322418 0.35234375
23350 1892.7752602100372 0.3576171875
23400 1896.8163232803345 0.35859375
23450 1900.8583762645721 0.3576171875
23500 1904.8979580402374 0.3548828125
23550 1908.9419078826904 0.35625
23600 1913.0277285575867 0.3537109375
23650 1917.051143169403 0.3544921875
23700 1921.0827357769012 0.353515625
23750 1925.1115996837616 0.353515625
23800 1929.1392908096313 0.35546875
23850 1933.1868636608124 0.3560546875
23900 1937.2382748126984 0.35546875
23950 1941.2876660823822 0.355859375
24000 1945.331927061081 0.3572265625
24050 1949.4681248664856 0.3564453125
24100 1953.5080299377441 0.35703125
24150 1957.550973892212 0.358984375
24200 1961.5775396823883 0.35546875
24250 1965.631397485733 0.3548828125
24300 1969.6891341209412 0.355078125
24350 1973.7369015216827 0.3541015625
24400 1977.7714536190033 0.3548828125
24450 1981.8117804527283 0.3548828125
24500 1985.8437523841858 0.3513671875
24550 1989.876739025116 0.3521484375
24600 1993.9219090938568 0.3541015625
24650 1997.9820034503937 0.35390625
24700 2002.0286219120026 0.35546875
24750 2006.0736708641052 0.355078125
24800 2010.11616396904 0.3537109375
24850 2014.1607704162598 0.3541015625
24900 2018.2539377212524 0.3537109375
24950 2022.311992406845 0.3533203125
25000 2026.3598246574402 0.3546875
25050 2030.41361618042 0.3517578125
25100 2034.458503961563 0.3533203125
25150 2038.5152897834778 0.3501953125
25200 2042.5483093261719 0.3517578125
25250 2046.587364435196 0.353125
25300 2050.6358211040497 0.3552734375
25350 2054.671318054199 0.35703125
25400 2058.7137701511383 0.3591796875
25450 2062.7671842575073 0.3595703125
25500 2066.81116437912 0.359375
25550 2070.842990875244 0.358203125
25600 2074.8709695339203 0.355078125
25650 2078.8970007896423 0.355859375
25700 2082.930734872818 0.355859375
25750 2086.966293811798 0.35390625
25800 2091.010568380356 0.3564453125
25850 2095.049962043762 0.3572265625
25900 2099.088176012039 0.3560546875
25950 2103.1294643878937 0.357421875
26000 2107.1690413951874 0.3578125
26050 2111.208041906357 0.3583984375
26100 2115.2248651981354 0.3576171875
26150 2119.2681365013123 0.3556640625
26200 2123.3009145259857 0.35625
26250 2127.340035676956 0.3556640625
26300 2131.3738927841187 0.357421875
26350 2135.4079875946045 0.3546875
26400 2139.4233174324036 0.355859375
26450 2143.4588239192963 0.35703125
26500 2147.4891419410706 0.3572265625
26550 2151.5430788993835 0.356640625
26600 2155.584436416626 0.353125
26650 2159.630855321884 0.3537109375
26700 2163.676853656769 0.353125
26750 2167.711494207382 0.35234375
26800 2171.749393939972 0.35234375
26850 2175.8485746383667 0.35
26900 2179.896413087845 0.350390625
26950 2183.9439816474915 0.35078125
27000 2187.9789547920227 0.351171875
27050 2192.0215303897858 0.352734375
27100 2196.055920600891 0.353125
27150 2200.078507423401 0.3544921875
27200 2204.1189472675323 0.35546875
27250 2208.1589529514313 0.35703125
27300 2212.1858756542206 0.3544921875
27350 2216.2356326580048 0.3529296875
27400 2220.278318166733 0.3525390625
27450 2224.3161010742188 0.352734375
27500 2228.3320496082306 0.355078125
27550 2232.3543083667755 0.3529296875
27600 2236.397838115692 0.353125
27650 2240.4239847660065 0.3548828125
27700 2244.4674632549286 0.35546875
27750 2248.5080161094666 0.3560546875
27800 2252.5577313899994 0.3568359375
27850 2256.6019740104675 0.3607421875
27900 2260.640120983124 0.357421875
27950 2264.6762552261353 0.3587890625
28000 2268.7160773277283 0.3578125
28050 2272.757638692856 0.35859375
28100 2276.7852346897125 0.3587890625
28150 2280.828856945038 0.359375
28200 2284.8648204803467 0.3595703125
28250 2288.9063963890076 0.3591796875
28300 2292.945900917053 0.3572265625
28350 2296.9784712791443 0.3556640625
28400 2301.022145986557 0.3578125
28450 2305.0714058876038 0.3568359375
28500 2309.1103994846344 0.3552734375
28550 2313.157953977585 0.35234375
28600 2317.207709789276 0.3533203125
28650 2321.2521193027496 0.3541015625
28700 2325.296147584915 0.3525390625
28750 2329.3937044143677 0.353515625
28800 2333.446313858032 0.3552734375
28850 2337.493609189987 0.355078125
28900 2341.5322177410126 0.3533203125
28950 2345.588087797165 0.35625
29000 2349.6462733745575 0.353125
29050 2353.679704427719 0.35390625
29100 2357.729143857956 0.3560546875
29150 2361.7782351970673 0.3564453125
29200 2365.8257026672363 0.3564453125
29250 2369.8748095035553 0.3556640625
29300 2374.1143939495087 0.35234375
29350 2378.3179817199707 0.3541015625
29400 2382.349808692932 0.3546875
29450 2386.3847057819366 0.355859375
29500 2390.430146217346 0.3533203125
29550 2394.4653131961823 0.3533203125
29600 2398.51358962059 0.3546875
29650 2402.55930018425 0.35390625
29700 2406.6038765907288 0.3509765625
29750 2410.659727573395 0.3541015625
29800 2414.700896501541 0.3599609375
29850 2418.7385880947113 0.3576171875
29900 2422.780353307724 0.3580078125
29950 2426.8043830394745 0.3576171875
30000 2430.847428560257 0.35703125
30050 2434.8947110176086 0.35625
30100 2438.9366059303284 0.357421875
30150 2442.97590136528 0.3578125
30200 2447.017721414566 0.3615234375
30250 2451.0450563430786 0.3607421875
30300 2455.07487821579 0.3556640625
30350 2459.153632879257 0.3552734375
30400 2463.205126285553 0.3552734375
30450 2467.2559883594513 0.3548828125
30500 2471.2967007160187 0.355078125
30550 2475.3428971767426 0.353515625
30600 2479.3948163986206 0.3533203125
30650 2483.480017900467 0.3548828125
30700 2487.53546500206 0.35546875
30750 2491.5899221897125 0.35546875
30800 2495.626127243042 0.3544921875
30850 2499.6712732315063 0.35390625
30900 2503.72008395195 0.353515625
30950 2507.742667913437 0.3546875
31000 2511.7707607746124 0.352734375
31050 2515.8159878253937 0.3537109375
31100 2519.8533442020416 0.35546875
31150 2523.8954627513885 0.3541015625
31200 2527.936779499054 0.35859375
31250 2531.982130765915 0.35703125
31300 2536.0095720291138 0.3533203125
31350 2540.0306255817413 0.3552734375
31400 2544.056595802307 0.356640625
31450 2548.089364528656 0.356640625
31500 2552.133465051651 0.3578125
31550 2556.212167739868 0.357421875
31600 2560.2600309848785 0.36015625
31650 2564.3013796806335 0.362890625
31700 2568.341630220413 0.3630859375
31750 2572.3876984119415 0.3623046875
31800 2576.4276905059814 0.3630859375
31850 2580.4510622024536 0.3607421875
31900 2584.5044565200806 0.3609375
31950 2588.5375435352325 0.3587890625
32000 2592.576381921768 0.356640625
32050 2596.60422539711 0.3607421875
32100 2600.6469473838806 0.3595703125
32150 2604.6666071414948 0.3595703125
32200 2608.6991221904755 0.3611328125
32250 2612.735334634781 0.359765625
32300 2616.8227729797363 0.357421875
32350 2620.9139840602875 0.3541015625
32400 2624.9964125156403 0.355859375
32450 2629.050927400589 0.356640625
32500 2633.091944694519 0.3568359375
32550 2637.1366894245148 0.35625
32600 2641.2455611228943 0.3537109375
32650 2645.2982864379883 0.3533203125
32700 2649.347051858902 0.3548828125
32750 2653.3881578445435 0.35625
32800 2657.4366393089294 0.35625
32850 2661.4812421798706 0.3564453125
32900 2665.5163464546204 0.3556640625
32950 2669.562140226364 0.3591796875
33000 2673.60661649704 0.35703125
33050 2677.6333096027374 0.35703125
33100 2681.683891057968 0.3544921875
33150 2685.7251451015472 0.3572265625
33200 2689.767359495163 0.358203125
33250 2693.7801039218903 0.358984375
33300 2697.8093190193176 0.3564453125
33350 2701.856043100357 0.355859375
33400 2705.889181137085 0.3552734375
33450 2709.9455223083496 0.3572265625
33500 2714.0189521312714 0.3599609375
33550 2718.0658848285675 0.3607421875
33600 2722.117511987686 0.3630859375
33650 2726.1642677783966 0.3625
33700 2730.2077453136444 0.36328125
33750 2734.2542672157288 0.3634765625
33800 2738.310992002487 0.36015625
33850 2742.350602388382 0.362109375
33900 2746.3988196849823 0.3626953125
33950 2750.4341146945953 0.3626953125
34000 2754.4853851795197 0.362890625
34050 2758.519479036331 0.3634765625
34100 2762.590470790863 0.3638671875
34150 2766.630607366562 0.36328125
34200 2770.6843428611755 0.3587890625
34250 2774.7321004867554 0.3587890625
34300 2778.783499956131 0.3580078125
34350 2782.8233909606934 0.356640625
34400 2786.8617799282074 0.3576171875
34450 2790.9005908966064 0.357421875
34500 2794.997125148773 0.3564453125
34550 2799.056291103363 0.35703125
34600 2803.111503839493 0.3544921875
34650 2807.1529183387756 0.3548828125
34700 2811.2076332569122 0.35546875
34750 2815.2828438282013 0.3552734375
34800 2819.3263227939606 0.3578125
34850 2823.3742842674255 0.3595703125
34900 2827.4184198379517 0.360546875
34950 2831.4654014110565 0.3595703125
35000 2835.5139498710632 0.359765625
35050 2839.5638811588287 0.361328125
35100 2843.610342025757 0.3595703125
35150 2847.639793395996 0.3587890625
35200 2851.6746633052826 0.359765625
35250 2855.7233321666718 0.3591796875
35300 2859.757538795471 0.3580078125
35350 2863.8079838752747 0.35859375
35400 2867.861302614212 0.3548828125
35450 2872.1106481552124 0.3583984375
35500 2876.3074231147766 0.3564453125
35550 2880.3460097312927 0.3564453125
35600 2884.3841853141785 0.3578125
35650 2888.415369749069 0.357421875
35700 2892.4464559555054 0.35625
35750 2896.4894988536835 0.3564453125
35800 2900.5733609199524 0.3556640625
35850 2904.6060557365417 0.3556640625
35900 2908.6456859111786 0.3580078125
35950 2912.6895458698273 0.3556640625
36000 2916.733043193817 0.355859375
36050 2920.7681007385254 0.35703125
36100 2924.817990541458 0.357421875
36150 2928.8908281326294 0.358203125
36200 2932.9369673728943 0.3568359375
36250 2936.9835567474365 0.36015625
36300 2941.025536775589 0.3583984375
36350 2945.0789918899536 0.3556640625
36400 2949.1787004470825 0.355859375
36450 2953.229347229004 0.354296875
36500 2957.2901725769043 0.35546875
36550 2961.3167164325714 0.355859375
36600 2965.360755443573 0.354296875
36650 2969.406324148178 0.3556640625
36700 2973.4277300834656 0.358203125
36750 2977.46492600441 0.3580078125
36800 2981.514456510544 0.3580078125
36850 2985.5453062057495 0.3591796875
36900 2989.5848200321198 0.3587890625
36950 2993.624660730362 0.3572265625
37000 2997.661524295807 0.358203125
37050 3001.686032295227 0.358984375
37100 3005.7134692668915 0.3607421875
37150 3009.7394318580627 0.358984375
37200 3013.770922899246 0.35859375
37250 3017.8173954486847 0.36171875
37300 3021.8598487377167 0.362890625
37350 3025.9094202518463 0.358984375
37400 3029.94805765152 0.3587890625
37450 3033.9966752529144 0.36015625
37500 3038.028650045395 0.3583984375
37550 3042.0721728801727 0.359765625
37600 3046.0911934375763 0.3572265625
37650 3050.142589330673 0.3587890625
37700 3054.1826684474945 0.35703125
37750 3058.2214653491974 0.3560546875
37800 3062.2646317481995 0.3560546875
37850 3066.3011379241943 0.35703125
37900 3070.329681634903 0.3580078125
37950 3074.3618631362915 0.354296875
38000 3078.4018228054047 0.3546875
38050 3082.456918001175 0.35625
38100 3086.503301858902 0.3564453125
38150 3090.5540704727173 0.3587890625
38200 3094.5946600437164 0.3578125
38250 3098.640161752701 0.3599609375