Epoch 0
0 0 0.000195313
1000 569 0.0287109
1915 1092 0.076875
Epoch 1
2000 1146 0.0882813
3000 1917 0.194141
3830 2411 0.221719
Epoch 2
4000 2514 0.22793
5000 3260 0.278516
5745 3872 0.281719
Epoch 3
6000 4113 0.283008
Epoch 0
0 0 0
1000 833 0.0146484
1915 1599 0.0736719
Epoch 1
2000 1673 0.0873047
3000 2496 0.181055
3830 3180 0.215547
Epoch 2
4000 3324 0.220898
5000 4175 0.274219
5745 4790 0.283203
Epoch 3
6000 5005 0.283594
7000 5832 0.305469
7660 6382 0.303047
Epoch 4
8000 6667 0.305859
9000 7524 0.317383
9575 8001 0.312422
Epoch 5
10000 8353 0.315234
11000 9184 0.324023
11490 9594 0.318516
Epoch 6
12000 10021 0.330273
13000 10873 0.328906
13405 11211 0.321562
Epoch 7
14000 11714 0.333594
15000 12544 0.332813
15320 12807 0.32625
Epoch 8
16000 13376 0.333789
17000 14230 0.327344
17235 14426 0.329844
Epoch 9
18000 15082 0.333789
19000 15917 0.330273
19150 16043 0.327578
Epoch 10
20000 16750 0.338086
21000 17606 0.330273
21065 17659 0.333125
Epoch 11
22000 18461 0.338672
22980 19320 0.331719
Epoch 12
23000 19334 0.335352
24000 19921 0.3375
24895 20440 0.331797
Epoch 13
25000 20507 0.335156
26000 21091 0.336719
26810 21563 0.330781
Epoch 14
27000 21679 0.332813
28000 22262 0.336719
28725 22685 0.337266
Epoch 15
29000 22847 0.334766
30000 23433 0.335547
30640 23807 0.336562
Epoch 16
31000 24021 0.339453
32000 24608 0.339453
32555 24933 0.338438
Epoch 17
33000 25196 0.337695
34000 25781 0.341602
34470 26054 0.339297
Epoch 18
35000 26369 0.345313
36000 26954 0.341406
36385 27180 0.337187
Epoch 19
37000 27543 0.341797
38000 28129 0.342773
38300 28307 0.336016
