0 0 0.0
50 133 0.005859375
100 265 0.0029296875
150 398 0.0076171875
200 531 0.0109375
250 664 0.01171875
300 796 0.016015625
350 929 0.0169921875
400 1062 0.0212890625
450 1195 0.0232421875
500 1328 0.02578125
550 1461 0.0271484375
600 1593 0.0287109375
650 1727 0.031640625
700 1860 0.0326171875
750 1993 0.0380859375
800 2127 0.039453125
850 2260 0.0412109375
900 2393 0.04296875
950 2526 0.0451171875
1000 2659 0.0498046875
1050 2791 0.053515625
1100 2924 0.0513671875
1150 3057 0.0544921875
1200 3190 0.0587890625
1250 3323 0.0615234375
1300 3455 0.0642578125
1350 3588 0.0677734375
1400 3721 0.06640625
1450 3854 0.0701171875
1500 3987 0.0724609375
1550 4120 0.0724609375
1600 4253 0.0728515625
1650 4386 0.0771484375
1700 4519 0.077734375
1750 4651 0.080859375
1800 4784 0.0814453125
1850 4917 0.0857421875
1900 5050 0.087890625
1914 5090 0.0829930904522613
1950 5183 0.0884765625
2000 5316 0.0923828125
2050 5449 0.1078125
2100 5581 0.1208984375
2150 5714 0.125
2200 5847 0.13125
2250 5980 0.1375
2300 6112 0.1431640625
2350 6245 0.146484375
2400 6378 0.155859375
2450 6511 0.1548828125
2500 6644 0.16171875
2550 6777 0.1625
2600 6909 0.1654296875
2650 7042 0.167578125
2700 7175 0.1685546875
2750 7308 0.1703125
2800 7440 0.1720703125
2850 7574 0.1732421875
2900 7707 0.1771484375
2950 7839 0.182421875
3000 7972 0.1830078125
3050 8104 0.1873046875
3100 8237 0.1904296875
3150 8370 0.1923828125
3200 8502 0.191015625
3250 8635 0.1939453125
3300 8768 0.195703125
3350 8901 0.19921875
3400 9034 0.2
3450 9167 0.2017578125
3500 9299 0.2029296875
3550 9432 0.2015625
3600 9565 0.2060546875
3650 9698 0.207421875
3700 9831 0.2107421875
3750 9964 0.2134765625
3800 10097 0.215234375
3829 10176 0.21458856783919597
3850 10230 0.221875
3900 10363 0.213671875
3950 10496 0.2240234375
4000 10629 0.2396484375
4050 10762 0.2515625
4100 10894 0.2583984375
4150 11027 0.266015625
4200 11160 0.2673828125
4250 11293 0.272265625
4300 11426 0.272265625
4350 11559 0.275
4400 11692 0.2791015625
4450 11824 0.2791015625
4500 11957 0.2810546875
4550 12089 0.2802734375
4600 12222 0.2837890625
4650 12355 0.2845703125
4700 12489 0.287109375
4750 12622 0.2876953125
4800 12755 0.2865234375
4850 12889 0.28671875
4900 13022 0.284765625
4950 13155 0.2880859375
5000 13288 0.2861328125
5050 13421 0.2861328125
5100 13554 0.2869140625
5150 13687 0.2865234375
5200 13820 0.2888671875
5250 13954 0.2896484375
5300 14086 0.2888671875
5350 14219 0.2892578125
5400 14352 0.2908203125
5450 14485 0.29375
5500 14619 0.29453125
5550 14752 0.2958984375
5600 14885 0.2986328125
5650 15018 0.3021484375
5700 15151 0.300390625
5744 15271 0.2889447236180904
5750 15284 0.29921875
5800 15418 0.301953125
5850 15551 0.295703125
5900 15685 0.2970703125
5950 15818 0.302734375
6000 15952 0.3068359375
6050 16085 0.3087890625
6100 16219 0.3146484375
6150 16353 0.312109375
6200 16486 0.315234375
6250 16619 0.319921875
6300 16753 0.3177734375
6350 16886 0.3154296875
6400 17020 0.320703125
6450 17153 0.3203125
6500 17287 0.320703125
6550 17421 0.320703125
6600 17554 0.3193359375
6650 17687 0.321875
6700 17821 0.3177734375
6750 17954 0.3181640625
6800 18087 0.3162109375
6850 18220 0.31640625
6900 18353 0.317578125
6950 18486 0.313671875
7000 18619 0.317578125
7050 18753 0.318359375
7100 18886 0.3205078125
7150 19020 0.3208984375
7200 19154 0.31875
7250 19287 0.319140625
7300 19420 0.319140625
7350 19552 0.31953125
7400 19685 0.320703125
7450 19818 0.3216796875
7500 19952 0.320703125
7550 20085 0.3201171875
7600 20218 0.32265625
7650 20351 0.321875
7659 20378 0.31509108040201006
7700 20484 0.328125
7750 20618 0.328125
7800 20751 0.3248046875
7850 20885 0.32421875
7900 21018 0.327734375
7950 21151 0.331640625
8000 21285 0.3341796875
8050 21418 0.33828125
8100 21551 0.3369140625
8150 21684 0.3388671875
8200 21817 0.3396484375
8250 21951 0.3390625
8300 22084 0.33984375
8350 22217 0.3416015625
8400 22350 0.3392578125
8450 22483 0.3404296875
8500 22616 0.341796875
8550 22750 0.341796875
8600 22883 0.3421875
8650 23017 0.3392578125
8700 23149 0.340234375
8750 23282 0.33515625
8800 23415 0.335546875
8850 23548 0.336328125
8900 23681 0.337109375
8950 23814 0.337890625
9000 23947 0.334765625
9050 24081 0.3365234375
9100 24214 0.3337890625
9150 24346 0.333984375
9200 24478 0.3357421875
9250 24609 0.3337890625
9300 24741 0.333984375
9350 24872 0.333984375
9400 25004 0.33515625
9450 25136 0.3328125
9500 25267 0.333984375
9550 25398 0.336328125
9574 25464 0.3287793132328308
9600 25530 0.3380859375
9650 25662 0.342578125
9700 25793 0.3412109375
9750 25925 0.34140625
9800 26057 0.33984375
9850 26189 0.3435546875
9900 26322 0.3421875
9950 26454 0.344140625
10000 26586 0.34609375
10050 26718 0.3486328125
10100 26850 0.351171875
10150 26981 0.3498046875
10200 27112 0.352734375
10250 27244 0.34921875
10300 27375 0.3494140625
10350 27507 0.3517578125
10400 27638 0.350390625
10450 27770 0.3505859375
10500 27901 0.3501953125
10550 28033 0.3486328125
10600 28164 0.351171875
10650 28296 0.353125
10700 28428 0.3525390625
10750 28559 0.3509765625
10800 28691 0.3515625
10850 28822 0.3533203125
10900 28954 0.35
10950 29085 0.3458984375
11000 29217 0.3462890625
11050 29348 0.34453125
11100 29480 0.3458984375
11150 29612 0.3447265625
11200 29743 0.3458984375
11250 29875 0.34453125
11300 30006 0.34453125
11350 30138 0.3435546875
11400 30270 0.34296875
11450 30402 0.3443359375
11489 30507 0.3375863693467337
11500 30534 0.344140625
11550 30666 0.347265625
11600 30797 0.3544921875
11650 30929 0.3537109375
11700 31060 0.3505859375
11750 31191 0.3533203125
11800 31322 0.3556640625
11850 31453 0.353125
11900 31584 0.35625
11950 31715 0.3583984375
12000 31846 0.358984375
12050 31978 0.3603515625
12100 32110 0.3611328125
12150 32241 0.3580078125
12200 32373 0.359765625
12250 32504 0.360546875
12300 32635 0.358984375
12350 32767 0.359765625
12400 32898 0.359765625
12450 33029 0.3587890625
12500 33160 0.35703125
12550 33292 0.36015625
12600 33422 0.3591796875
12650 33555 0.3556640625
12700 33687 0.35703125
12750 33818 0.35703125
12800 33950 0.3578125
12850 34081 0.3560546875
12900 34213 0.3548828125
12950 34344 0.354296875
13000 34476 0.3560546875
13050 34607 0.3564453125
13100 34738 0.355078125
13150 34870 0.35234375
13200 35002 0.352734375
13250 35133 0.3537109375
13300 35265 0.3529296875
13350 35396 0.3544921875
13400 35528 0.348828125
13404 35541 0.3432854376046901
13450 35659 0.3515625
13500 35790 0.3560546875
13550 35921 0.35703125
13600 36053 0.355078125
13650 36184 0.3576171875
13700 36316 0.3603515625
13750 36447 0.3607421875
13800 36579 0.36171875
13850 36710 0.3609375
13900 36842 0.359375
13950 36973 0.3603515625
14000 37104 0.363671875
14050 37236 0.3595703125
14100 37368 0.36171875
14150 37499 0.3634765625
14200 37630 0.362890625
14250 37763 0.3654296875
14300 37894 0.367578125
14350 38026 0.3646484375
14400 38158 0.363671875
14450 38290 0.3654296875
14500 38422 0.3654296875
14550 38554 0.365234375
14600 38685 0.36328125
14650 38817 0.362109375
14700 38949 0.36328125
14750 39080 0.3662109375
14800 39212 0.3634765625
14850 39344 0.3638671875
14900 39475 0.36484375
14950 39607 0.3611328125
15000 39739 0.3603515625
15050 39870 0.358984375
15100 40002 0.356640625
15150 40134 0.35703125
15200 40265 0.35390625
15250 40396 0.352734375
15300 40528 0.3533203125
15319 40580 0.3464719430485762
15350 40659 0.3568359375
15400 40791 0.359375
15450 40923 0.3609375
15500 41054 0.36015625
15550 41186 0.36171875
15600 41317 0.3642578125
15650 41449 0.366015625
15700 41580 0.3638671875
15750 41711 0.3658203125
15800 41842 0.367578125
15850 41974 0.36953125
15900 42105 0.3666015625
15950 42237 0.365625
16000 42368 0.3638671875
16050 42500 0.3638671875
16100 42631 0.366015625
16150 42763 0.365625
16200 42895 0.36796875
16250 43026 0.366796875
16300 43157 0.365234375
16350 43288 0.366015625
16400 43420 0.3654296875
16450 43551 0.365625
16500 43683 0.3658203125
16550 43814 0.3658203125
16600 43946 0.3654296875
16650 44078 0.3634765625
16700 44209 0.3654296875
16750 44341 0.3669921875
16800 44471 0.3650390625
16850 44603 0.362109375
16900 44735 0.3642578125
16950 44866 0.3638671875
17000 44999 0.3607421875
17050 45130 0.3611328125
17100 45262 0.3609375
17150 45393 0.3587890625
17200 45524 0.3572265625
17234 45616 0.3493640075376884
17250 45656 0.3568359375
17300 45788 0.357421875
17350 45919 0.356640625
17400 46051 0.360546875
17450 46182 0.360546875
17500 46314 0.3619140625
17550 46446 0.363671875
17600 46577 0.3654296875
17650 46708 0.365234375
17700 46840 0.365234375
17750 46972 0.3677734375
17800 47103 0.368359375
17850 47233 0.3677734375
17900 47365 0.3677734375
17950 47497 0.3677734375
18000 47628 0.3677734375
18050 47759 0.365625
18100 47891 0.366015625
18150 48022 0.365625
18200 48153 0.365625
18250 48285 0.3658203125
18300 48417 0.3646484375
18350 48548 0.368359375
18400 48680 0.368359375
18450 48811 0.3671875
18500 48944 0.369140625
18550 49076 0.3705078125
18600 49209 0.3716796875
18650 49340 0.3703125
18700 49472 0.3685546875
18750 49604 0.36875
18800 49736 0.3658203125
18850 49868 0.3646484375
18900 50000 0.3642578125
18950 50131 0.3646484375
19000 50262 0.36484375
19050 50394 0.3630859375
19100 50525 0.3634765625
19149 50658 0.3520663211892797
