0 0 0.0
50 60 0.0056640625
100 120 0.0044921875
150 180 0.0087890625
200 240 0.0107421875
250 300 0.0126953125
300 361 0.0158203125
350 421 0.016796875
400 481 0.022265625
450 542 0.0234375
500 602 0.0251953125
550 663 0.0251953125
600 723 0.026171875
650 784 0.02890625
700 844 0.030078125
750 906 0.0337890625
800 967 0.0341796875
850 1027 0.0390625
900 1090 0.0427734375
950 1155 0.044140625
1000 1220 0.0482421875
1050 1280 0.051953125
1100 1341 0.053125
1150 1405 0.056640625
1200 1470 0.0587890625
1250 1535 0.0626953125
1300 1600 0.0642578125
1350 1665 0.0642578125
1400 1731 0.0646484375
1450 1797 0.0666015625
1500 1863 0.0703125
1550 1929 0.0701171875
1600 1995 0.0720703125
1650 2061 0.0736328125
1700 2127 0.0759765625
1750 2194 0.079296875
1800 2259 0.0787109375
1850 2325 0.0833984375
1900 2391 0.0861328125
1914 2411 0.0828229690117253
1950 2457 0.085546875
2000 2523 0.094140625
2050 2589 0.1056640625
2100 2656 0.114453125
2150 2722 0.121484375
2200 2788 0.1298828125
2250 2854 0.1333984375
2300 2920 0.1408203125
2350 2986 0.145703125
2400 3051 0.15078125
2450 3118 0.1529296875
2500 3183 0.1568359375
2550 3250 0.162109375
2600 3315 0.1626953125
2650 3381 0.16640625
2700 3447 0.168359375
2750 3514 0.171875
2800 3580 0.177734375
2850 3646 0.1765625
2900 3712 0.178515625
2950 3778 0.1828125
3000 3844 0.1830078125
3050 3910 0.187109375
3100 3976 0.189453125
3150 4042 0.1904296875
3200 4108 0.19453125
3250 4174 0.1958984375
3300 4240 0.1958984375
3350 4307 0.1962890625
3400 4373 0.1986328125
3450 4439 0.20234375
3500 4504 0.2052734375
3550 4570 0.205078125
3600 4637 0.20859375
3650 4703 0.209765625
3700 4769 0.211328125
3750 4835 0.2126953125
3800 4900 0.2130859375
3829 4940 0.2135809254606365
3850 4966 0.217578125
3900 5032 0.2169921875
3950 5098 0.222265625
4000 5164 0.2419921875
4050 5230 0.247265625
4100 5296 0.25625
4150 5362 0.25859375
4200 5428 0.259765625
4250 5494 0.262109375
4300 5560 0.263671875
4350 5625 0.2685546875
4400 5691 0.272265625
4450 5757 0.2748046875
4500 5823 0.2783203125
4550 5889 0.2810546875
4600 5955 0.2837890625
4650 6020 0.286328125
4700 6086 0.2849609375
4750 6151 0.2857421875
4800 6217 0.2876953125
4850 6285 0.2884765625
4900 6352 0.290234375
4950 6419 0.292578125
5000 6485 0.287890625
5050 6551 0.2896484375
5100 6617 0.286328125
5150 6683 0.289453125
5200 6749 0.2943359375
5250 6814 0.2927734375
5300 6880 0.2970703125
5350 6946 0.29609375
5400 7012 0.293359375
5450 7078 0.2984375
5500 7144 0.2958984375
5550 7209 0.2982421875
5600 7276 0.3
5650 7341 0.2986328125
5700 7407 0.3013671875
5744 7466 0.2885586788107203
5750 7473 0.3025390625
5800 7539 0.30546875
5850 7605 0.305078125
5900 7671 0.30390625
5950 7737 0.310546875
6000 7802 0.3142578125
6050 7869 0.312109375
6100 7935 0.3111328125
6150 8001 0.3162109375
6200 8066 0.3162109375
6250 8132 0.31796875
6300 8198 0.3185546875
6350 8264 0.3185546875
6400 8329 0.319140625
6450 8395 0.3162109375
6500 8461 0.3193359375
6550 8527 0.3228515625
6600 8593 0.325
6650 8658 0.328515625
6700 8724 0.328515625
6750 8790 0.325390625
6800 8856 0.3212890625
6850 8922 0.3240234375
6900 8988 0.3248046875
6950 9053 0.3232421875
7000 9119 0.325
7050 9185 0.323828125
7100 9251 0.324609375
7150 9316 0.32265625
7200 9382 0.319921875
7250 9448 0.3201171875
7300 9514 0.32109375
7350 9580 0.31875
7400 9646 0.3236328125
7450 9712 0.3228515625
7500 9777 0.32421875
7550 9843 0.327734375
7600 9909 0.3275390625
7650 9975 0.3271484375
7659 9988 0.3162688442211055
7700 10041 0.33359375
7750 10107 0.3359375
7800 10173 0.3361328125
7850 10239 0.33828125
7900 10305 0.3390625
7950 10370 0.3359375
8000 10436 0.3373046875
8050 10502 0.3365234375
8100 10568 0.33671875
8150 10634 0.3408203125
8200 10699 0.3388671875
8250 10765 0.3400390625
8300 10831 0.338671875
8350 10897 0.3388671875
8400 10963 0.3439453125
8450 11029 0.3435546875
8500 11094 0.3416015625
8550 11160 0.342578125
8600 11226 0.3412109375
8650 11293 0.3388671875
8700 11361 0.33984375
8750 11427 0.3396484375
8800 11494 0.33984375
8850 11559 0.33828125
8900 11625 0.3408203125
8950 11691 0.3423828125
9000 11757 0.3435546875
9050 11823 0.340234375
9100 11889 0.34375
9150 11955 0.3419921875
9200 12021 0.344921875
9250 12087 0.3419921875
9300 12153 0.3443359375
9350 12219 0.3400390625
9400 12284 0.3427734375
9450 12350 0.34375
9500 12416 0.3470703125
9550 12482 0.3453125
9574 12515 0.3302973199329983
9600 12548 0.346484375
9650 12614 0.348046875
9700 12680 0.354296875
9750 12746 0.3515625
9800 12812 0.351171875
9850 12878 0.35234375
9900 12944 0.354296875
9950 13009 0.3505859375
10000 13075 0.3482421875
10050 13141 0.3537109375
10100 13207 0.35234375
10150 13273 0.3544921875
10200 13338 0.353515625
10250 13404 0.3556640625
10300 13470 0.3546875
10350 13536 0.3576171875
10400 13602 0.359375
10450 13668 0.3578125
10500 13734 0.355078125
10550 13800 0.35234375
10600 13865 0.352734375
10650 13931 0.354296875
10700 13997 0.352734375
10750 14063 0.353515625
10800 14129 0.3509765625
10850 14195 0.3505859375
10900 14261 0.353125
10950 14326 0.351953125
11000 14392 0.353125
11050 14458 0.3513671875
11100 14524 0.351171875
11150 14590 0.35234375
11200 14656 0.351953125
11250 14721 0.351171875
11300 14787 0.349609375
11350 14853 0.3515625
11400 14919 0.3513671875
11450 14985 0.348828125
11489 15038 0.33828648450586263
11500 15051 0.3498046875
11550 15117 0.35
11600 15182 0.3564453125
11650 15248 0.35625
11700 15313 0.3572265625
11750 15379 0.35625
11800 15445 0.3591796875
11850 15511 0.3591796875
11900 15576 0.355859375
11950 15642 0.35859375
12000 15707 0.3615234375
12050 15773 0.3599609375
12100 15839 0.36015625
12150 15905 0.35859375
12200 15971 0.3611328125
12250 16037 0.3607421875
12300 16102 0.3625
12350 16168 0.3591796875
12400 16234 0.35859375
12450 16300 0.355859375
12500 16368 0.355859375
12550 16436 0.35546875
12600 16502 0.3576171875
12650 16568 0.3541015625
12700 16634 0.3537109375
12750 16700 0.35390625
12800 16766 0.3517578125
12850 16831 0.353515625
12900 16897 0.3548828125
12950 16963 0.35390625
13000 17028 0.353515625
13050 17094 0.3544921875
13100 17160 0.35234375
13150 17226 0.3501953125
13200 17292 0.3513671875
13250 17357 0.3501953125
13300 17423 0.35234375
13350 17488 0.3525390625
13400 17554 0.3494140625
13404 17561 0.3431087730318258
13450 17620 0.35390625
13500 17685 0.3552734375
13550 17751 0.3611328125
13600 17817 0.359375
13650 17883 0.359375
13700 17948 0.3623046875
13750 18014 0.36015625
13800 18080 0.359375
13850 18145 0.358984375
13900 18211 0.36015625
13950 18277 0.357421875
14000 18342 0.358984375
14050 18408 0.356640625
14100 18474 0.36015625
14150 18539 0.361328125
14200 18605 0.363671875
14250 18671 0.3634765625
14300 18737 0.3642578125
14350 18803 0.362890625
14400 18868 0.3625
14450 18934 0.3642578125
14500 19000 0.3642578125
14550 19066 0.3603515625
14600 19131 0.3587890625
14650 19197 0.3611328125
14700 19263 0.3607421875
14750 19328 0.360546875
14800 19394 0.359765625
14850 19460 0.3583984375
14900 19526 0.3603515625
14950 19592 0.35859375
15000 19658 0.3583984375
15050 19724 0.3568359375
15100 19789 0.35625
15150 19855 0.3541015625
15200 19921 0.354296875
15250 19987 0.3576171875
15300 20053 0.3541015625
15319 20079 0.346275649078727
15350 20118 0.3556640625
15400 20184 0.3580078125
15450 20250 0.3578125
15500 20315 0.360546875
15550 20382 0.361328125
15600 20447 0.3623046875
15650 20513 0.3630859375
15700 20579 0.3634765625
15750 20645 0.3626953125
15800 20711 0.3615234375
15850 20777 0.36171875
15900 20843 0.3595703125
15950 20908 0.359765625
16000 20974 0.3583984375
16050 21040 0.360546875
16100 21105 0.3611328125
16150 21171 0.3619140625
16200 21236 0.3619140625
16250 21302 0.3607421875
16300 21369 0.360546875
16350 21437 0.3591796875
16400 21504 0.3576171875
16450 21570 0.3576171875
16500 21636 0.3564453125
16550 21702 0.3572265625
16600 21768 0.3587890625
16650 21833 0.355859375
16700 21899 0.3578125
16750 21965 0.3583984375
16800 22030 0.3578125
16850 22096 0.3572265625
16900 22162 0.3580078125
16950 22227 0.3572265625
17000 22293 0.3564453125
17050 22359 0.35625
17100 22424 0.357421875
17150 22490 0.3603515625
17200 22555 0.358203125
17234 22601 0.3485330297319933
17250 22621 0.3556640625
17300 22687 0.3578125
17350 22753 0.3568359375
17400 22818 0.363671875
17450 22884 0.3640625
17500 22950 0.3638671875
17550 23016 0.365234375
17600 23081 0.3609375
17650 23147 0.365234375
17700 23213 0.3642578125
17750 23279 0.3662109375
17800 23344 0.3662109375
17850 23410 0.364453125
17900 23476 0.3650390625
17950 23541 0.3619140625
18000 23607 0.365625
18050 23672 0.3642578125
18100 23738 0.3646484375
18150 23804 0.3625
18200 23869 0.3611328125
18250 23935 0.36328125
18300 24001 0.361328125
18350 24066 0.36171875
18400 24132 0.35859375
18450 24198 0.3587890625
18500 24264 0.3599609375
18550 24329 0.3625
18600 24395 0.3615234375
18650 24460 0.3619140625
18700 24526 0.36015625
18750 24592 0.36171875
18800 24658 0.360546875
18850 24723 0.3595703125
18900 24789 0.356640625
18950 24855 0.3560546875
19000 24921 0.3583984375
19050 24986 0.3578125
19100 25052 0.3591796875
19149 25118 0.35120917085427134
