Index Rebuilt, max_l2: 0.32244317326694727
Rebuild delay 50
50 26.56253695487976 0.0134765625
100 30.045524835586548 0.00859375
Index Rebuilt, max_l2: 0.6073473505675793
Rebuild delay 57
150 56.38411259651184 0.008203125
Index Rebuilt, max_l2: 0.7743756137788296
Rebuild delay 65
200 83.49229693412781 0.01796875
Index Rebuilt, max_l2: 0.9347339998930693
Rebuild delay 74
250 111.24041438102722 0.0197265625
300 115.46797561645508 0.01796875
Index Rebuilt, max_l2: 1.168583169579506
Rebuild delay 85
350 143.49398612976074 0.0216796875
400 148.12948346138 0.021484375
Index Rebuilt, max_l2: 1.3420818485319614
Rebuild delay 97
450 177.1778860092163 0.0251953125
500 182.1181423664093 0.0244140625
Index Rebuilt, max_l2: 1.4961000680923462
Rebuild delay 111
550 211.49838662147522 0.0263671875
600 216.91029238700867 0.0296875
650 222.34260988235474 0.0310546875
Index Rebuilt, max_l2: 1.6633628904819489
Rebuild delay 127
700 251.852552652359 0.030859375
750 257.6032588481903 0.0302734375
800 263.3540804386139 0.03046875
Index Rebuilt, max_l2: 1.8863072097301483
Rebuild delay 146
850 293.1433775424957 0.033984375
900 299.17017459869385 0.0365234375
950 305.22114872932434 0.0373046875
Index Rebuilt, max_l2: 2.205560691654682
Rebuild delay 167
1000 334.8564088344574 0.0416015625
1050 341.31861543655396 0.0388671875
1100 347.83407282829285 0.041796875
1150 354.3711144924164 0.0390625
Index Rebuilt, max_l2: 2.505302980542183
Rebuild delay 192
1200 383.9461724758148 0.04375
1250 390.84098505973816 0.046484375
1300 397.7886300086975 0.0474609375
1350 404.7669086456299 0.046875
Index Rebuilt, max_l2: 2.7868477553129196
Rebuild delay 220
1400 434.6585032939911 0.0470703125
1450 442.0047128200531 0.0509765625
1500 449.3634865283966 0.0474609375
1550 456.6961843967438 0.051171875
1600 464.080242395401 0.0486328125
Index Rebuilt, max_l2: 2.853659011423588
Rebuild delay 252
1650 495.77172350883484 0.0494140625
1700 503.4618728160858 0.0513671875
1750 511.1029007434845 0.0517578125
1800 518.7332398891449 0.053515625
1850 526.3353612422943 0.0537109375
1900 533.9306585788727 0.0572265625
OVERALL Step : 1914  536.0240480899811  0.0551651486599665
Index Rebuilt, max_l2: 2.922357067465782
Rebuild delay 289
1950 565.9808855056763 0.0587890625
2000 573.9057347774506 0.0583984375
2050 581.8468997478485 0.06328125
2100 589.8008227348328 0.06484375
2150 597.7621557712555 0.066015625
2200 605.6327803134918 0.06796875
2250 613.4691762924194 0.070703125
Index Rebuilt, max_l2: 3.115904286503792
Rebuild delay 332
2300 645.8971748352051 0.0763671875
2350 654.0595488548279 0.0759765625
2400 662.2652416229248 0.0748046875
2450 670.353809595108 0.0783203125
2500 678.4323785305023 0.0814453125
2550 686.5471684932709 0.084375
2600 694.7196128368378 0.084375
Index Rebuilt, max_l2: 3.185519926249981
Rebuild delay 381
2650 726.0488178730011 0.0814453125
2700 734.451409816742 0.0828125
2750 742.713406085968 0.083203125
2800 750.9704763889313 0.0849609375
2850 759.31720662117 0.083203125
2900 767.5523080825806 0.08828125
2950 775.8698465824127 0.085546875
3000 784.204968214035 0.0880859375
3050 792.4154367446899 0.088671875
Index Rebuilt, max_l2: 3.383660227060318
Rebuild delay 438
3100 824.4635801315308 0.0919921875
3150 832.993777513504 0.0951171875
3200 841.5263373851776 0.091015625
3250 850.0721073150635 0.0939453125
3300 858.6289970874786 0.09453125
3350 867.2241568565369 0.0984375
3400 875.6964156627655 0.0978515625
3450 884.1875326633453 0.1013671875
3500 892.7447934150696 0.10234375
3550 901.2977519035339 0.1046875
Index Rebuilt, max_l2: 3.8026711866259575
Rebuild delay 503
3600 933.3420763015747 0.10625
3650 942.1048421859741 0.106640625
3700 950.7935240268707 0.1056640625
3750 959.6476671695709 0.1083984375
3800 968.3232157230377 0.106640625
OVERALL Step : 3829  973.339329957962  0.10226915829145729
3850 977.1261796951294 0.1044921875
3900 985.9068269729614 0.109375
3950 994.5931723117828 0.1162109375
4000 1003.4491801261902 0.1162109375
4050 1012.2913312911987 0.1146484375
4100 1021.0453338623047 0.1181640625
4150 1029.8145112991333 0.1173828125
Index Rebuilt, max_l2: 4.095886878669262
Rebuild delay 578
4200 1062.3247985839844 0.1244140625
4250 1071.1750042438507 0.12109375
4300 1080.057131767273 0.123046875
4350 1088.9887557029724 0.1220703125
4400 1097.9128968715668 0.1208984375
4450 1106.7627816200256 0.124609375
4500 1115.6069309711456 0.1279296875
4550 1124.5718019008636 0.1267578125
4600 1133.4598734378815 0.1255859375
4650 1142.2771589756012 0.130078125
4700 1151.165359735489 0.1255859375
4750 1160.018052816391 0.119921875
4800 1168.81689620018 0.1259765625
Index Rebuilt, max_l2: 4.205677539110184
Rebuild delay 664
4850 1200.759878396988 0.1275390625
4900 1209.6967306137085 0.1287109375
4950 1218.6249542236328 0.1271484375
5000 1227.6092600822449 0.131640625
5050 1236.5227785110474 0.1296875
5100 1245.5591142177582 0.1267578125
5150 1254.6425385475159 0.1326171875
5200 1263.7140653133392 0.13125
5250 1272.7098729610443 0.1349609375
5300 1281.6877207756042 0.13203125
5350 1290.7208933830261 0.132421875
5400 1299.8880467414856 0.1322265625
5450 1308.8608376979828 0.1376953125
5500 1317.8035593032837 0.1388671875
5550 1326.7129771709442 0.1396484375
Index Rebuilt, max_l2: 4.529049575328827
Rebuild delay 763
5600 1359.1215462684631 0.1408203125
5650 1368.3041770458221 0.143359375
5700 1377.4694168567657 0.1427734375
OVERALL Step : 5744  1385.425712108612  0.13012327261306533
5750 1386.5573592185974 0.1412109375
5800 1395.7652986049652 0.1404296875
5850 1404.8363897800446 0.14140625
5900 1414.119980096817 0.144140625
5950 1423.3854990005493 0.141796875
6000 1432.5709323883057 0.140625
6050 1441.808525800705 0.146875
6100 1451.0362720489502 0.147265625
6150 1460.365033864975 0.1439453125
6200 1469.6340780258179 0.1435546875
6250 1478.8402693271637 0.1474609375
6300 1488.1156792640686 0.1470703125
6350 1497.338213443756 0.1458984375
6400 1506.416669845581 0.14609375
6450 1515.6070759296417 0.14921875
Index Rebuilt, max_l2: 4.936027452349663
Rebuild delay 877
6500 1548.1454179286957 0.1494140625
6550 1557.3940436840057 0.1458984375
6600 1566.7246062755585 0.1427734375
6650 1577.1017110347748 0.1423828125
6700 1586.391354084015 0.14453125
6750 1595.6001846790314 0.1501953125
6800 1604.9007422924042 0.1494140625
6850 1614.1767029762268 0.1509765625
6900 1623.4490940570831 0.1525390625
6950 1632.6408269405365 0.15234375
7000 1641.9447910785675 0.1548828125
7050 1651.2271883487701 0.1548828125
7100 1660.4852244853973 0.1501953125
7150 1669.798883676529 0.155078125
7200 1679.2490215301514 0.15625
7250 1689.1735155582428 0.151953125
7300 1698.6297235488892 0.1533203125
7350 1708.0363421440125 0.1552734375
7400 1717.5930604934692 0.1568359375
7450 1726.929761648178 0.1544921875
Index Rebuilt, max_l2: 5.43888446688652
Rebuild delay 1008
7500 1759.4334225654602 0.1533203125
7550 1768.8875813484192 0.1548828125
7600 1778.371414899826 0.156640625
7650 1787.7449357509613 0.1541015625
OVERALL Step : 7659  1789.4045886993408  0.14997513609715243
7700 1797.1874430179596 0.1552734375
7750 1806.4781498908997 0.15703125
7800 1815.9844453334808 0.1568359375
7850 1825.379004240036 0.15625
7900 1834.7927114963531 0.1572265625
7950 1844.208979845047 0.1619140625
8000 1853.6763243675232 0.1619140625
8050 1863.1746499538422 0.165234375
8100 1872.6401088237762 0.166015625
8150 1882.0681200027466 0.1626953125
8200 1891.5068144798279 0.1638671875
8250 1900.9106659889221 0.164453125
8300 1910.269093990326 0.16484375
8350 1919.7407276630402 0.1654296875
8400 1929.270361661911 0.1662109375
8450 1938.7753925323486 0.1646484375
8500 1948.1118590831757 0.1701171875
8550 1957.5359933376312 0.1712890625
8600 1967.006151676178 0.1689453125
Index Rebuilt, max_l2: 7.872228920459747
Rebuild delay 1159
8650 1999.4536187648773 0.171484375
8700 2008.983528137207 0.173828125
8750 2018.4691543579102 0.17578125
8800 2027.904965877533 0.1712890625
8850 2037.3293557167053 0.1732421875
8900 2046.8880877494812 0.1734375
8950 2056.3679826259613 0.1724609375
9000 2065.9101796150208 0.172265625
9050 2075.357134103775 0.1720703125
9100 2084.874549150467 0.1767578125
9150 2094.3063333034515 0.1681640625
9200 2103.829920053482 0.1681640625
9250 2113.37602686882 0.16640625
9300 2122.880211830139 0.1669921875
9350 2132.343808412552 0.1673828125
9400 2142.226237297058 0.16875
9450 2151.7112205028534 0.174609375
9500 2161.5762746334076 0.17578125
9550 2171.236617088318 0.1740234375
OVERALL Step : 9574  2175.689910888672  0.16623481993299832
9600 2180.668113708496 0.172265625
9650 2190.0924575328827 0.1724609375
9700 2199.584995031357 0.1732421875
9750 2209.082790374756 0.1763671875
9800 2218.614834547043 0.1732421875
9850 2228.071234703064 0.175390625
9900 2237.4434835910797 0.1701171875
9950 2247.0043108463287 0.17265625
Index Rebuilt, max_l2: 8.613367080688477
Rebuild delay 1332
10000 2279.7114634513855 0.1724609375
10050 2289.376855134964 0.1677734375
10100 2298.9462502002716 0.1677734375
10150 2308.49195933342 0.1689453125
10200 2318.1183788776398 0.169921875
10250 2327.7909274101257 0.1724609375
10300 2337.570620059967 0.17578125
10350 2347.1760914325714 0.1771484375
10400 2356.829650402069 0.175390625
10450 2366.434152841568 0.173828125
10500 2376.270069360733 0.1744140625
10550 2385.8324880599976 0.1744140625
10600 2395.4078261852264 0.180859375
10650 2404.899484395981 0.1798828125
10700 2414.462359905243 0.1810546875
10750 2423.927598953247 0.18359375
10800 2433.438469171524 0.1802734375
10850 2443.0183634757996 0.183984375
10900 2452.6984050273895 0.18125
10950 2462.3723599910736 0.1791015625
11000 2471.901504278183 0.18125
11050 2481.587595462799 0.17578125
11100 2491.1103172302246 0.1748046875
11150 2500.6818227767944 0.175
11200 2510.321908712387 0.178515625
11250 2519.866350412369 0.181640625
11300 2529.3991980552673 0.1794921875
11350 2538.912444114685 0.178125
11400 2548.5630383491516 0.1763671875
11450 2558.176826953888 0.1796875
OVERALL Step : 11489  2565.6194186210632  0.17451188232830822
Index Rebuilt, max_l2: 10.137087106704712
Rebuild delay 1531
11500 2590.8730018138885 0.1779296875
11550 2600.5425322055817 0.1798828125
11600 2609.9815244674683 0.1806640625
11650 2619.635657787323 0.1837890625
11700 2629.2800104618073 0.180078125
11750 2638.896178483963 0.1818359375
11800 2648.5214235782623 0.1814453125
11850 2658.2175121307373 0.188671875
11900 2667.9440133571625 0.18828125
11950 2677.538782596588 0.1849609375
12000 2687.0855226516724 0.1814453125
12050 2696.6795432567596 0.182421875
12100 2706.360695838928 0.1822265625
12150 2716.054001569748 0.1837890625
12200 2725.793468952179 0.1853515625
12250 2735.4029014110565 0.184375
12300 2745.1406223773956 0.1845703125
12350 2754.7632126808167 0.1845703125
12400 2764.473518371582 0.1912109375
12450 2774.225229740143 0.1896484375
12500 2783.8362231254578 0.195703125
12550 2793.3437871932983 0.1935546875
12600 2803.0071563720703 0.1921875
12650 2812.4626729488373 0.191015625
12700 2822.038321018219 0.191015625
12750 2831.6852712631226 0.1927734375
12800 2841.4167420864105 0.194921875
12850 2851.1598060131073 0.1939453125
12900 2860.746493577957 0.1935546875
12950 2870.358392715454 0.192578125
13000 2879.9446008205414 0.1912109375
13050 2889.5999319553375 0.1875
13100 2899.227202653885 0.19140625
13150 2908.8272523880005 0.191796875
13200 2918.3861615657806 0.194140625
13250 2927.9502527713776 0.1974609375
Index Rebuilt, max_l2: 12.869467467069626
Rebuild delay 1760
13300 2960.71901512146 0.1927734375
13350 2970.4325568675995 0.1931640625
13400 2980.062822341919 0.193359375
OVERALL Step : 13404  2980.7991995811462  0.18564829355108878
13450 2989.7542581558228 0.1919921875
13500 2999.365692138672 0.1880859375
13550 3009.11785697937 0.1890625
13600 3018.7788054943085 0.19609375
13650 3028.555525779724 0.1953125
13700 3038.277714252472 0.196484375
13750 3047.9760117530823 0.1982421875
13800 3057.6848940849304 0.203515625
13850 3067.2575628757477 0.2005859375
13900 3077.018997192383 0.1982421875
13950 3086.676442861557 0.1974609375
14000 3096.4334485530853 0.198046875
14050 3106.1343710422516 0.198828125
14100 3115.847320795059 0.197265625
14150 3125.5796921253204 0.1984375
14200 3135.3957386016846 0.19765625
14250 3145.124349117279 0.20078125
14300 3154.82746386528 0.201953125
14350 3164.599692583084 0.19921875
14400 3174.255518913269 0.2009765625
14450 3183.961564064026 0.1994140625
14500 3193.6023001670837 0.1962890625
14550 3203.2039201259613 0.2013671875
14600 3212.8514444828033 0.200390625
14650 3222.607228755951 0.19921875
14700 3232.3037140369415 0.200390625
14750 3242.0411908626556 0.2001953125
14800 3251.7486016750336 0.201171875
14850 3261.4215018749237 0.1998046875
14900 3271.242333173752 0.2013671875
14950 3280.9465816020966 0.1986328125
15000 3290.6758420467377 0.200390625
15050 3300.392129421234 0.20078125
15100 3310.0092091560364 0.2001953125
15150 3319.729878425598 0.2025390625
15200 3329.491842985153 0.1994140625
15250 3339.131490945816 0.2033203125
Index Rebuilt, max_l2: 15.437242358922958
Rebuild delay 2023
15300 3372.01700758934 0.2001953125
OVERALL Step : 15319  3375.6200609207153  0.19565928601340032
15350 3381.768392562866 0.2
15400 3391.5734174251556 0.19921875
15450 3401.3857073783875 0.2029296875
15500 3411.352608203888 0.2017578125
15550 3421.7452437877655 0.2037109375
15600 3433.447338581085 0.2015625
15650 3445.39638876915 0.2017578125
15700 3457.440648794174 0.203125
15750 3467.6767852306366 0.203515625
15800 3477.509781599045 0.2009765625
15850 3487.313750743866 0.2021484375
15900 3497.083223104477 0.203125
15950 3506.9016284942627 0.205078125
16000 3516.918514728546 0.2111328125
16050 3526.86665391922 0.211328125
16100 3536.8068418502808 0.210546875
16150 3546.6850044727325 0.2125
16200 3556.5321459770203 0.206640625
16250 3566.4340105056763 0.2080078125
16300 3576.4358265399933 0.2025390625
16350 3586.3288497924805 0.2052734375
16400 3595.9492676258087 0.2078125
16450 3605.7173364162445 0.2095703125
16500 3615.478320121765 0.2078125
16550 3625.336258649826 0.20859375
16600 3635.045218229294 0.201953125
16650 3644.840535402298 0.2021484375
16700 3654.6655373573303 0.2060546875
16750 3664.423577070236 0.2044921875
16800 3674.289969444275 0.203515625
16850 3683.940306663513 0.204296875
16900 3693.6745879650116 0.2037109375
16950 3703.3699145317078 0.201171875
17000 3713.065023422241 0.2025390625
17050 3722.8191380500793 0.2001953125
17100 3732.5249483585358 0.1990234375
17150 3742.307197570801 0.1974609375
17200 3751.946576356888 0.1970703125
OVERALL Step : 17234  3758.516791343689  0.19992540829145727
17250 3761.7169423103333 0.19609375
17300 3771.5314333438873 0.196875
17350 3781.3584337234497 0.200390625
17400 3791.08625125885 0.2041015625
17450 3800.914928674698 0.2052734375
17500 3810.6445903778076 0.202734375
17550 3820.430718898773 0.2044921875
17600 3830.201263666153 0.20625
Index Rebuilt, max_l2: 18.055336833000183
Rebuild delay 2326
17650 3863.4549338817596 0.2099609375
17700 3873.326973438263 0.2119140625
17750 3883.0706775188446 0.21171875
17800 3892.9336626529694 0.2115234375
17850 3902.739834547043 0.209375
17900 3912.61612033844 0.2076171875
17950 3922.4828786849976 0.2064453125
18000 3932.4720134735107 0.2068359375
18050 3942.441593170166 0.207421875
18100 3952.267158269882 0.20625
18150 3962.2971782684326 0.2072265625
18200 3972.3764102458954 0.20703125
18250 3982.2570130825043 0.2091796875
18300 3992.036115884781 0.2080078125
18350 4001.924660682678 0.20625
18400 4011.7473022937775 0.2033203125
18450 4021.6595084667206 0.20625
18500 4031.528177499771 0.20703125
18550 4041.6883358955383 0.2056640625
18600 4051.9924166202545 0.2080078125
18650 4061.870505094528 0.212890625
18700 4071.814731836319 0.213671875
18750 4081.859487771988 0.2166015625
18800 4091.6910910606384 0.21015625
18850 4101.652779102325 0.21171875
18900 4111.416857242584 0.2162109375
18950 4121.253096580505 0.2173828125
19000 4131.192499399185 0.2146484375
19050 4141.197660207748 0.2109375
19100 4150.944904327393 0.210546875
OVERALL Step : 19149  4160.721385478973  0.2103813337520938
19150 4160.9222865104675 0.2123046875
19200 4170.743987321854 0.213671875
19250 4180.781382322311 0.21484375
19300 4190.578654527664 0.2146484375
19350 4200.706773996353 0.2142578125
19400 4210.670130252838 0.215625
19450 4220.527627229691 0.2185546875
19500 4230.540627241135 0.216796875
19550 4240.400092124939 0.21875
19600 4250.209473609924 0.21484375
19650 4260.32087802887 0.21328125
19700 4270.228479862213 0.2119140625
19750 4280.071721792221 0.211328125
19800 4289.965004682541 0.2111328125
19850 4299.820503473282 0.217578125
19900 4309.69270157814 0.21875
19950 4319.704030275345 0.2203125
20000 4329.694805145264 0.2189453125
20050 4339.805711984634 0.2146484375
20100 4349.8207767009735 0.2126953125
20150 4359.650003910065 0.2123046875
20200 4369.811670541763 0.21171875
20250 4379.747759580612 0.21484375
Index Rebuilt, max_l2: 21.263984441757202
Rebuild delay 2674
20300 4412.66854929924 0.215625
20350 4422.566203355789 0.21328125
20400 4432.688312292099 0.2197265625