50 3.2521908283233643 0.011328125
100 6.451447486877441 0.0109375
150 9.538445711135864 0.0140625
200 12.686910629272461 0.017578125
250 15.78151559829712 0.0181640625
300 18.841870546340942 0.0201171875
350 21.812055587768555 0.022265625
400 24.855210781097412 0.0251953125
450 27.958475589752197 0.0263671875
500 31.13742756843567 0.0263671875
550 34.436118841171265 0.028515625
600 37.55216860771179 0.0306640625
650 40.600909948349 0.0306640625
700 43.6858925819397 0.0337890625
750 46.77749800682068 0.0345703125
800 49.972413778305054 0.036328125
850 53.16607737541199 0.0408203125
900 56.43296504020691 0.0423828125
950 59.49534821510315 0.0439453125
1000 62.775118589401245 0.04453125
1050 65.8333625793457 0.044140625
1100 69.04160356521606 0.0439453125
1150 72.2386121749878 0.04375
1200 75.40054893493652 0.046484375
1250 78.57258915901184 0.046484375
1300 81.7560646533966 0.048828125
1350 84.98982071876526 0.05078125
1400 88.24665760993958 0.05546875
1450 91.22087144851685 0.055859375
1500 94.40404319763184 0.0576171875
1550 97.49561476707458 0.0560546875
1600 100.68209409713745 0.056640625
1650 103.87721157073975 0.0595703125
1700 107.0872757434845 0.059375
1750 110.31815814971924 0.0580078125
1800 113.56353497505188 0.060546875
1850 116.89480638504028 0.0583984375
1900 120.21510457992554 0.0638671875
OVERALL Step : 1914  121.13372445106506  0.06158396147403685
1950 123.54274678230286 0.065625
2000 126.92730593681335 0.064453125
2050 130.22084736824036 0.0677734375
2100 133.53598761558533 0.069140625
2150 136.9269573688507 0.0673828125
2200 140.1822910308838 0.0744140625
2250 143.50080823898315 0.0783203125
2300 146.7711479663849 0.07890625
2350 150.14287757873535 0.081640625
2400 153.4180965423584 0.0837890625
2450 156.95009064674377 0.084375
2500 160.30843496322632 0.087109375
2550 163.5836443901062 0.0841796875
2600 166.97496056556702 0.0875
2650 170.46438765525818 0.0908203125
2700 173.9275839328766 0.0931640625
2750 177.30025219917297 0.0892578125
2800 180.70621466636658 0.0923828125
2850 184.2543306350708 0.0900390625
2900 187.72097730636597 0.096484375
2950 191.1983458995819 0.096484375
3000 194.69938325881958 0.0982421875
3050 198.07007551193237 0.094140625
3100 201.5429720878601 0.1005859375
3150 204.930433511734 0.096875
3200 208.40934896469116 0.10625
3250 212.0482406616211 0.105078125
3300 215.6419107913971 0.1099609375
3350 219.2179126739502 0.108203125
3400 222.69728112220764 0.1080078125
3450 226.15994310379028 0.1044921875
3500 229.78242254257202 0.10703125
3550 233.50892066955566 0.10859375
3600 237.07822394371033 0.1119140625
3650 240.7020342350006 0.1138671875
3700 244.43498492240906 0.1099609375
3750 248.05868244171143 0.1123046875
3800 251.56044626235962 0.1158203125
OVERALL Step : 3829  253.65617847442627  0.10564541457286432
3850 255.29334378242493 0.1154296875
3900 258.97320199012756 0.1138671875
3950 262.6796398162842 0.1201171875
4000 266.4403667449951 0.1236328125
4050 270.21189069747925 0.122265625
4100 273.9597170352936 0.128515625
4150 277.67680382728577 0.1236328125
4200 281.43406772613525 0.1265625
4250 285.2326591014862 0.124609375
4300 288.92166805267334 0.1291015625
4350 292.56157422065735 0.1275390625
4400 296.3984751701355 0.124609375
4450 300.0492262840271 0.1236328125
4500 303.80004692077637 0.1255859375
4550 307.6677567958832 0.125
4600 311.6252164840698 0.12890625
4650 315.4749426841736 0.1275390625
4700 319.32555627822876 0.121875
4750 323.24044942855835 0.1212890625
4800 327.32707047462463 0.1248046875
4850 331.2585904598236 0.1291015625
4900 335.3917746543884 0.1271484375
4950 339.4879238605499 0.12734375
5000 343.51015615463257 0.128515625
5050 347.40328001976013 0.1326171875
5100 351.4280755519867 0.1328125
5150 355.44165420532227 0.1353515625
5200 359.424195766449 0.1384765625
5250 363.45623683929443 0.1373046875
5300 367.52725553512573 0.140625
5350 371.54015254974365 0.1396484375
5400 375.54588508605957 0.140234375
5450 379.52160143852234 0.142578125
5500 383.4841196537018 0.1451171875
5550 387.63394594192505 0.1421875
5600 391.7653033733368 0.1431640625
5650 395.97937536239624 0.1443359375
5700 400.08654737472534 0.145703125
OVERALL Step : 5744  403.66705083847046  0.1321778161641541
5750 404.18449783325195 0.1419921875
5800 408.4048523902893 0.14375
5850 412.61544609069824 0.137890625
5900 416.835764169693 0.1390625
5950 421.0869264602661 0.1384765625
6000 425.29946064949036 0.141015625
6050 429.51392126083374 0.1443359375
6100 433.64985609054565 0.1443359375
6150 437.909366607666 0.145703125
6200 442.14550828933716 0.1455078125
6250 446.3857526779175 0.1447265625
6300 450.7404098510742 0.1466796875
6350 455.0738639831543 0.1478515625
6400 459.4671993255615 0.1462890625
6450 463.7813653945923 0.14765625
6500 467.9018626213074 0.14765625
6550 472.10357213020325 0.149609375
6600 476.46282029151917 0.15
6650 480.8750514984131 0.15390625
6700 485.3011157512665 0.1486328125
6750 489.8031759262085 0.1501953125
6800 494.3170871734619 0.15390625
6850 498.80960988998413 0.153515625
6900 503.1508512496948 0.1533203125
6950 507.4817531108856 0.150390625
7000 511.92441034317017 0.1529296875
7050 516.2303540706635 0.15546875
7100 520.6028990745544 0.1533203125
7150 525.1342277526855 0.1578125
7200 529.56818318367 0.15390625
7250 533.8911736011505 0.1568359375
7300 538.2789657115936 0.1517578125
7350 542.6806349754333 0.1576171875
7400 547.0931887626648 0.158984375
7450 551.5353896617889 0.1583984375
7500 555.8965990543365 0.1572265625
7550 560.2538347244263 0.156640625
7600 564.6959564685822 0.15859375
7650 569.1247551441193 0.158984375
OVERALL Step : 7659  569.961341381073  0.1550526067839196
7700 573.8054747581482 0.1580078125
7750 578.339613199234 0.160546875
7800 582.7625153064728 0.1615234375
7850 587.2423241138458 0.1599609375
7900 591.8458602428436 0.1626953125
7950 596.3633739948273 0.1654296875
8000 600.8518187999725 0.16796875
8050 605.2987396717072 0.169921875
8100 609.6647439002991 0.169921875
8150 614.0000779628754 0.16796875
8200 618.4694213867188 0.1685546875
8250 622.9898056983948 0.1708984375
8300 627.4921607971191 0.171484375
8350 631.9880700111389 0.169921875
8400 636.4729540348053 0.16640625
8450 640.949925661087 0.166015625
8500 645.5973274707794 0.16796875
8550 650.1161847114563 0.1720703125
8600 654.6608362197876 0.1744140625
8650 659.2747445106506 0.1708984375
8700 663.747611284256 0.17265625
8750 668.1662266254425 0.1677734375
8800 672.6143987178802 0.1693359375
8850 677.0831797122955 0.165625
8900 681.510552406311 0.1681640625
8950 686.0762357711792 0.1666015625
9000 690.6033878326416 0.16875
9050 695.0923855304718 0.1689453125
9100 699.5894911289215 0.168359375
9150 704.1597263813019 0.1697265625
9200 708.69611287117 0.1736328125
9250 713.2226898670197 0.177734375
9300 717.7691285610199 0.176953125
9350 722.3559145927429 0.1759765625
9400 726.9755206108093 0.178515625
9450 731.518239736557 0.1771484375
9500 736.2017459869385 0.1748046875
9550 740.8128941059113 0.1751953125
OVERALL Step : 9574  742.992696762085  0.16752381700167504
9600 745.4509859085083 0.1720703125
9650 750.1654641628265 0.1689453125
9700 754.730390548706 0.1759765625
9750 759.3885927200317 0.1728515625
9800 764.0794856548309 0.1728515625
9850 768.6594126224518 0.1767578125
9900 773.0645885467529 0.176171875
9950 777.5073018074036 0.1787109375
10000 781.9774031639099 0.178515625
10050 786.4407548904419 0.1765625
10100 791.0904169082642 0.180078125
10150 795.6487016677856 0.179296875
10200 800.2215201854706 0.184375
10250 804.7444849014282 0.184375
10300 809.1709794998169 0.1833984375
10350 813.7166957855225 0.1861328125
10400 818.2960233688354 0.1876953125
10450 822.822348356247 0.1865234375
10500 827.314502954483 0.18515625
10550 832.0171797275543 0.1826171875
10600 836.5381290912628 0.1833984375
10650 841.0762526988983 0.1865234375
10700 845.5049469470978 0.18984375
10750 849.946704864502 0.1896484375
10800 854.419029712677 0.1830078125
10850 858.9850835800171 0.183203125
10900 863.4766976833344 0.1822265625
10950 868.139456987381 0.1818359375
11000 872.7409491539001 0.1775390625
11050 877.2155129909515 0.1794921875
11100 881.6899724006653 0.1771484375
11150 886.0581135749817 0.1794921875
11200 890.5026831626892 0.1818359375
11250 895.0106067657471 0.181640625
11300 899.6274194717407 0.1822265625
11350 903.9268434047699 0.1794921875
11400 908.4975736141205 0.179296875
11450 912.9645864963531 0.1818359375
OVERALL Step : 11489  916.5257921218872  0.1800015703517588
11500 917.5645098686218 0.1849609375
11550 922.0709671974182 0.1798828125
11600 926.4613659381866 0.18515625
11650 931.0864217281342 0.182421875
11700 935.462806224823 0.1849609375
11750 939.8991322517395 0.1884765625
11800 944.2393984794617 0.1904296875
11850 948.7767558097839 0.190625
11900 953.0939471721649 0.1888671875
11950 957.625910282135 0.1845703125
12000 961.9757008552551 0.1908203125
12050 966.3960471153259 0.1916015625
12100 970.833690404892 0.1884765625
12150 975.1681287288666 0.1888671875
12200 979.5207545757294 0.1880859375
12250 983.8417811393738 0.18828125
12300 988.2561938762665 0.191015625
12350 992.6323916912079 0.190234375
12400 997.0094785690308 0.1908203125
12450 1001.3683924674988 0.190234375
12500 1005.7334613800049 0.1947265625
12550 1010.1320021152496 0.1943359375
12600 1014.549195766449 0.194921875
12650 1018.8650944232941 0.19453125
12700 1023.3306906223297 0.1962890625
12750 1027.8828642368317 0.1939453125
12800 1032.3301696777344 0.1923828125
12850 1036.7566976547241 0.188671875
12900 1041.090966463089 0.190625
12950 1045.3765530586243 0.1888671875
13000 1049.728859424591 0.1892578125
13050 1053.9580790996552 0.18828125
13100 1058.4559688568115 0.1892578125
13150 1062.8953924179077 0.1892578125
13200 1067.2926964759827 0.190234375
13250 1071.6472027301788 0.191015625
13300 1076.1296782493591 0.192578125
13350 1080.6330597400665 0.192578125
13400 1084.8549506664276 0.1916015625
OVERALL Step : 13404  1085.244385957718  0.18820665829145727
13450 1089.302033662796 0.1904296875
13500 1093.518398284912 0.191015625
13550 1097.886522769928 0.190234375
13600 1102.2519037723541 0.19375
13650 1106.598815202713 0.1875
13700 1110.8779916763306 0.1904296875
13750 1115.0807991027832 0.1919921875
13800 1119.4479863643646 0.1970703125
13850 1123.731831073761 0.194140625
13900 1128.1048827171326 0.19296875
13950 1132.252022743225 0.19453125
14000 1136.525826215744 0.195703125
14050 1140.8276159763336 0.19609375
14100 1145.0914669036865 0.1958984375
14150 1149.1909749507904 0.1953125
14200 1153.4853072166443 0.1896484375
14250 1157.6750032901764 0.185546875
14300 1161.8281586170197 0.1908203125
14350 1166.0297403335571 0.1908203125
14400 1170.3003771305084 0.1943359375
14450 1174.510184288025 0.1974609375
14500 1178.731006860733 0.2
14550 1182.7204759120941 0.198046875
14600 1186.930904865265 0.19921875
14650 1191.080457687378 0.19921875
14700 1195.2873895168304 0.1986328125
14750 1199.3395884037018 0.201171875
14800 1203.4412891864777 0.2037109375
14850 1207.3778147697449 0.196484375
14900 1211.5824482440948 0.1953125
14950 1215.8230664730072 0.199609375
15000 1219.8475635051727 0.2017578125
15050 1224.079498052597 0.203125
15100 1228.3906536102295 0.197265625
15150 1232.5885336399078 0.19609375
15200 1236.8605737686157 0.1978515625
15250 1241.0805337429047 0.2013671875
15300 1245.2147569656372 0.2001953125
OVERALL Step : 15319  1246.7110579013824  0.19828308207705192
15350 1249.4529795646667 0.198046875
15400 1253.8157460689545 0.2017578125
15450 1258.077781677246 0.205078125
15500 1262.099731683731 0.2021484375
15550 1266.311633348465 0.201171875
15600 1270.4790389537811 0.19921875
15650 1274.4901585578918 0.204296875
15700 1278.5968511104584 0.203515625
15750 1282.710620880127 0.2001953125
15800 1286.903753042221 0.2001953125
15850 1291.036725282669 0.20078125
15900 1295.1414277553558 0.2013671875
15950 1299.2485721111298 0.2017578125
16000 1303.317717552185 0.203125
16050 1307.5730934143066 0.204296875
16100 1311.6775212287903 0.2056640625
16150 1315.9573593139648 0.2083984375
16200 1320.0174551010132 0.2046875
16250 1324.2867150306702 0.20234375
16300 1328.4260563850403 0.2005859375
16350 1332.54274725914 0.203125
16400 1336.574261188507 0.19921875
16450 1340.7119472026825 0.1990234375
16500 1344.8273301124573 0.200390625
16550 1349.0343775749207 0.201171875
16600 1353.1203036308289 0.20390625
16650 1357.1911520957947 0.2037109375
16700 1361.4391777515411 0.2033203125
16750 1365.5034670829773 0.2046875
16800 1369.5533006191254 0.20390625
16850 1373.5530395507812 0.2015625
16900 1377.6650230884552 0.20546875
16950 1381.7156443595886 0.209765625
17000 1385.7976953983307 0.2072265625
17050 1389.8207063674927 0.2091796875
17100 1393.8943741321564 0.208984375
17150 1398.101149559021 0.21015625
17200 1402.158525943756 0.2109375
OVERALL Step : 17234  1405.0319828987122  0.204080297319933
17250 1406.3787188529968 0.2125
17300 1410.5962626934052 0.2087890625
17350 1414.5178425312042 0.207421875
17400 1418.5837333202362 0.2056640625
17450 1422.5541532039642 0.207421875
17500 1426.6223905086517 0.2078125
17550 1430.4239385128021 0.2103515625
17600 1434.3605921268463 0.2083984375
17650 1438.5370409488678 0.209765625
17700 1442.6765847206116 0.209375
17750 1446.7243249416351 0.2107421875
17800 1450.9240486621857 0.2078125
17850 1454.9390618801117 0.2076171875
17900 1459.084489107132 0.2076171875
17950 1463.207504272461 0.2068359375
18000 1467.2502892017365 0.208203125
18050 1471.4410116672516 0.2072265625
18100 1475.3679296970367 0.20859375
18150 1479.3203728199005 0.20390625
18200 1483.316794872284 0.203125
18250 1487.417457818985 0.2076171875
18300 1491.521238565445 0.209375
18350 1495.6170160770416 0.2103515625
18400 1499.6440098285675 0.2150390625
18450 1503.6420483589172 0.2138671875
18500 1507.7541217803955 0.21328125
18550 1511.7737228870392 0.209375
18600 1515.931048154831 0.208984375
18650 1520.0392351150513 0.209765625
18700 1524.0259351730347 0.208984375
18750 1528.0992465019226 0.21015625
18800 1532.2308323383331 0.2115234375
18850 1536.3324813842773 0.216015625
18900 1540.5324635505676 0.2123046875
18950 1544.5006968975067 0.210546875
19000 1548.5348870754242 0.2130859375
19050 1552.628274679184 0.212890625
19100 1556.6283600330353 0.2130859375
OVERALL Step : 19149  1560.6733610630035  0.21118613902847572
19150 1560.744262933731 0.208203125
19200 1564.7801859378815 0.2078125
19250 1568.8235356807709 0.2060546875
19300 1572.8106305599213 0.2140625
19350 1576.76229429245 0.2142578125
19400 1580.985589504242 0.212890625
19450 1584.961182832718 0.217578125
19500 1588.997400522232 0.217578125
19550 1592.996416568756 0.216015625
19600 1596.9365997314453 0.2171875
19650 1600.9825263023376 0.2140625
19700 1604.9807438850403 0.2173828125
19750 1609.0651292800903 0.215625
19800 1613.0554831027985 0.2146484375
19850 1617.0918335914612 0.2173828125
19900 1621.1218490600586 0.21484375
19950 1625.27672457695 0.21328125
20000 1629.3173127174377 0.21640625
20050 1633.3268857002258 0.2162109375
20100 1637.3540389537811 0.2130859375
20150 1641.3539123535156 0.209765625
20200 1645.3679449558258 0.211328125
20250 1649.3923745155334 0.2123046875
20300 1653.4459636211395 0.215625
20350 1657.4978306293488 0.214453125