Index Rebuilt, max_l2: 0.3214098159223795
Rebuild delay 50
50 3.5893921852111816 0.01171875
100 5.848312854766846 0.008203125
Index Rebuilt, max_l2: 0.6093910150229931
Rebuild delay 57
150 9.480626821517944 0.0109375
Index Rebuilt, max_l2: 0.7792474497109652
Rebuild delay 65
200 13.082088232040405 0.01640625
Index Rebuilt, max_l2: 0.9429765176028013
Rebuild delay 74
250 16.760199785232544 0.0154296875
300 19.034029483795166 0.01953125
Index Rebuilt, max_l2: 1.161006834357977
Rebuild delay 85
350 22.691235780715942 0.02109375
400 24.984104871749878 0.0224609375
Index Rebuilt, max_l2: 1.2880134992301464
Rebuild delay 97
450 28.71450638771057 0.0234375
500 31.029189586639404 0.024609375
Index Rebuilt, max_l2: 1.4762590415775776
Rebuild delay 111
550 34.68498611450195 0.0265625
600 37.060816287994385 0.0244140625
650 39.43892192840576 0.0263671875
Index Rebuilt, max_l2: 1.692133516073227
Rebuild delay 127
700 43.13928270339966 0.03046875
750 45.5042519569397 0.0283203125
800 47.87688064575195 0.0306640625
Index Rebuilt, max_l2: 1.9042679518461227
Rebuild delay 146
850 51.552040815353394 0.0333984375
900 53.99236488342285 0.03828125
950 56.401878356933594 0.038671875
Index Rebuilt, max_l2: 2.1116017922759056
Rebuild delay 167
1000 60.19364380836487 0.0388671875
1050 62.63156843185425 0.0388671875
1100 65.09182119369507 0.040625
1150 67.52305364608765 0.04140625
Index Rebuilt, max_l2: 2.3959556221961975
Rebuild delay 192
1200 71.2199776172638 0.0412109375
1250 73.6692943572998 0.0453125
1300 76.12435913085938 0.0455078125
1350 78.57868003845215 0.04609375
Index Rebuilt, max_l2: 2.6112831607460976
Rebuild delay 220
1400 82.29930377006531 0.0455078125
1450 84.79995274543762 0.05234375
1500 87.2847352027893 0.0505859375
1550 89.77280354499817 0.0525390625
1600 92.26915836334229 0.0509765625
Index Rebuilt, max_l2: 2.8302485793828964
Rebuild delay 252
1650 96.23017144203186 0.053515625
1700 98.77081537246704 0.0498046875
1750 101.32466411590576 0.0521484375
1800 103.86623740196228 0.048828125
1850 106.40669631958008 0.05234375
1900 108.96135234832764 0.056640625
OVERALL Step : 1914  109.66875529289246  0.05507354480737019
Index Rebuilt, max_l2: 3.0033830031752586
Rebuild delay 289
1950 112.86958813667297 0.0552734375
2000 115.4534056186676 0.0572265625
2050 118.04319095611572 0.0578125
2100 120.61742615699768 0.0603515625
2150 123.2047655582428 0.062109375
2200 125.77680587768555 0.0662109375
2250 128.34869766235352 0.0658203125
Index Rebuilt, max_l2: 3.186755172908306
Rebuild delay 332
2300 132.27879166603088 0.069921875
2350 134.91188097000122 0.0677734375
2400 137.55009031295776 0.07265625
2450 140.1964545249939 0.0740234375
2500 142.83916330337524 0.078125
2550 145.48288536071777 0.0806640625
2600 148.1260735988617 0.0814453125
Index Rebuilt, max_l2: 3.477829098701477
Rebuild delay 381
2650 152.11677622795105 0.08515625
2700 154.791818857193 0.0818359375
2750 157.46148824691772 0.0857421875
2800 160.19337582588196 0.087109375
2850 162.88507080078125 0.084765625
2900 165.57374811172485 0.0875
2950 168.2627203464508 0.0859375
3000 170.943195104599 0.090625
3050 173.62632966041565 0.089453125
Index Rebuilt, max_l2: 3.8664253056049347
Rebuild delay 438
3100 177.63767981529236 0.0962890625
3150 180.36345028877258 0.09453125
3200 183.09600806236267 0.0958984375
3250 185.83326506614685 0.099609375
3300 188.5607135295868 0.0990234375
3350 191.29357647895813 0.1029296875
3400 194.03148221969604 0.100390625
3450 196.75750374794006 0.1009765625
3500 199.49509000778198 0.1021484375
3550 202.23296356201172 0.103125
Index Rebuilt, max_l2: 4.366273373365402
Rebuild delay 503
3600 206.41433954238892 0.1015625
3650 209.20499730110168 0.107421875
3700 211.9965057373047 0.107421875
3750 214.78834533691406 0.107421875
3800 217.58997511863708 0.10625
OVERALL Step : 3829  219.2064564228058  0.10308704983249581
3850 220.39551401138306 0.109765625
3900 223.1972188949585 0.1109375
3950 226.18228840827942 0.113671875
4000 229.1843934059143 0.113671875
4050 232.1997320652008 0.113671875
4100 235.23858165740967 0.119921875
4150 238.2277045249939 0.1197265625
Index Rebuilt, max_l2: 4.891218289732933
Rebuild delay 578
4200 242.4637770652771 0.121484375
4250 245.29106497764587 0.1150390625
4300 248.12385630607605 0.120703125
4350 250.96114349365234 0.12421875
4400 253.82355403900146 0.1244140625
4450 256.65847611427307 0.1244140625
4500 259.47619104385376 0.1234375
4550 262.29921770095825 0.1228515625
4600 265.11876344680786 0.121484375
4650 267.9401693344116 0.1201171875
4700 270.7736999988556 0.11796875
4750 273.60478949546814 0.1166015625
4800 276.45006799697876 0.1181640625
Index Rebuilt, max_l2: 5.335994616150856
Rebuild delay 664
4850 280.7485055923462 0.124609375
4900 283.83200430870056 0.1259765625
4950 286.8877878189087 0.126171875
5000 289.95882201194763 0.1236328125
5050 293.0071382522583 0.123828125
5100 296.0755114555359 0.1279296875
5150 299.1377625465393 0.1283203125
5200 302.19582962989807 0.1271484375
5250 305.24396085739136 0.128125
5300 308.3068468570709 0.127734375
5350 311.35803842544556 0.1248046875
5400 314.40829825401306 0.130078125
5450 317.47033953666687 0.1318359375
5500 320.53940081596375 0.1310546875
5550 323.59729981422424 0.1271484375
Index Rebuilt, max_l2: 6.338165178894997
Rebuild delay 763
5600 328.02351427078247 0.1294921875
5650 330.92864871025085 0.13359375
5700 333.84072494506836 0.1328125
OVERALL Step : 5744  336.3969089984894  0.13022796273031825
5750 336.75919246673584 0.1318359375
5800 339.6922519207001 0.1337890625
5850 342.62189841270447 0.1341796875
5900 345.53428840637207 0.1322265625
5950 348.445925951004 0.133984375
6000 351.3718750476837 0.1390625
6050 354.2717697620392 0.1427734375
6100 357.15974521636963 0.1447265625
6150 360.09146094322205 0.144140625
6200 362.9983015060425 0.1451171875
6250 365.9170558452606 0.1484375
6300 368.8233993053436 0.146484375
6350 371.7304787635803 0.1478515625
6400 374.62958216667175 0.1453125
6450 377.5236577987671 0.1447265625
Index Rebuilt, max_l2: 8.192573323845863
Rebuild delay 877
6500 381.7060604095459 0.1435546875
6550 384.64133977890015 0.145703125
6600 387.5830328464508 0.1462890625
6650 390.52643609046936 0.1466796875
6700 393.4688148498535 0.14765625
6750 396.4115707874298 0.1513671875
6800 399.3542392253876 0.147265625
6850 402.29598927497864 0.1482421875
6900 405.24766087532043 0.146875
6950 408.18640995025635 0.144140625
7000 411.12953424453735 0.1486328125
7050 414.06419825553894 0.14921875
7100 417.0098719596863 0.1462890625
7150 419.9563603401184 0.144921875
7200 422.9296872615814 0.148046875
7250 425.860830783844 0.148046875
7300 428.80964279174805 0.151171875
7350 431.7546784877777 0.1498046875
7400 434.705046415329 0.1517578125
7450 437.657790184021 0.148046875
Index Rebuilt, max_l2: 10.922960668802261
Rebuild delay 1008
7500 442.1184298992157 0.146484375
7550 445.3808660507202 0.14921875
7600 448.49016547203064 0.146484375
7650 451.5495069026947 0.1458984375
OVERALL Step : 7659  452.10163855552673  0.1443742148241206
7700 454.63043212890625 0.1482421875
7750 457.6925449371338 0.15078125
7800 460.74781227111816 0.1517578125
7850 463.7867350578308 0.1537109375
7900 466.84057784080505 0.15078125
7950 469.88091230392456 0.153515625
8000 472.9080295562744 0.155859375
8050 475.9477322101593 0.1533203125
8100 478.9987907409668 0.1564453125
8150 482.0659201145172 0.157421875
8200 485.1108229160309 0.1564453125
8250 488.1508424282074 0.15859375
8300 491.19346857070923 0.1568359375
8350 494.2227146625519 0.158984375
8400 497.2574145793915 0.1595703125
8450 500.2968580722809 0.1599609375
8500 503.33843207359314 0.160546875
8550 506.5629606246948 0.1591796875
8600 509.8241295814514 0.162109375
Index Rebuilt, max_l2: 13.48517793416977
Rebuild delay 1159
8650 514.3908579349518 0.1611328125
8700 517.6848244667053 0.16328125
8750 520.9737091064453 0.1603515625
8800 524.2525470256805 0.1626953125
8850 527.4204542636871 0.1654296875
8900 530.5209538936615 0.166796875
8950 533.6066787242889 0.1640625
9000 536.7129335403442 0.1619140625
9050 539.839348077774 0.1642578125
9100 542.9436292648315 0.162890625
9150 546.0370185375214 0.1626953125
9200 549.1749620437622 0.165234375
9250 552.2783064842224 0.1666015625
9300 555.3790459632874 0.166796875
9350 558.4948086738586 0.171875
9400 561.5966758728027 0.1697265625
9450 564.7132604122162 0.1681640625
9500 567.8166999816895 0.1681640625
9550 570.9128062725067 0.16875
OVERALL Step : 9574  572.4035170078278  0.1620799309045226
9600 574.0647120475769 0.16875
9650 577.1735007762909 0.1701171875
9700 580.2772538661957 0.16796875
9750 583.3690903186798 0.1728515625
9800 586.4737887382507 0.16640625
9850 589.5776019096375 0.1673828125
9900 592.6581819057465 0.1671875
9950 595.7610499858856 0.172265625
Index Rebuilt, max_l2: 16.762513518333435
Rebuild delay 1332
10000 600.2240927219391 0.1712890625
10050 603.4227643013 0.171484375
10100 606.6131401062012 0.174609375
10150 609.8418176174164 0.1748046875
10200 613.0223054885864 0.17734375
10250 616.1843779087067 0.173828125
10300 619.3686428070068 0.170703125
10350 622.5674107074738 0.172265625
10400 625.7505087852478 0.1732421875
10450 628.952700138092 0.175
10500 632.1642887592316 0.171484375
10550 635.367728471756 0.174609375
10600 638.5743343830109 0.174609375
10650 641.7703065872192 0.175
10700 644.9923839569092 0.1748046875
10750 648.1940233707428 0.176953125
10800 651.3750989437103 0.1705078125
10850 654.5897107124329 0.1728515625
10900 657.8062644004822 0.17578125
10950 661.0397214889526 0.177734375
11000 664.2609136104584 0.1734375
11050 667.464282989502 0.1751953125
11100 670.656347990036 0.1751953125
11150 673.8659839630127 0.17578125
11200 677.0643870830536 0.1755859375
11250 680.2796745300293 0.17265625
11300 683.4794816970825 0.17421875
11350 686.7082903385162 0.1765625
11400 689.925484418869 0.1779296875
11450 693.1330993175507 0.1787109375
OVERALL Step : 11489  695.6716797351837  0.16970268006700168
Index Rebuilt, max_l2: 19.99575001001358
Rebuild delay 1531
11500 697.7278697490692 0.1767578125
11550 701.185329914093 0.17578125
11600 704.72558426857 0.1759765625
11650 708.235568523407 0.1779296875
11700 711.6931037902832 0.1751953125
11750 715.0587673187256 0.178125
11800 718.35706615448 0.1828125
11850 721.6729760169983 0.1833984375
11900 724.9919052124023 0.184375
11950 728.301237821579 0.1841796875
12000 731.6268272399902 0.1888671875
12050 734.9276401996613 0.1908203125
12100 738.2355310916901 0.1908203125
12150 741.5400166511536 0.18671875
12200 744.8811588287354 0.1830078125
12250 748.1816821098328 0.18359375
12300 751.4827370643616 0.183203125
12350 754.7862741947174 0.187890625
12400 758.1106698513031 0.1859375
12450 761.4316737651825 0.1865234375
12500 764.7563986778259 0.1873046875
12550 768.0958936214447 0.1900390625
12600 771.4324994087219 0.1890625
12650 774.7743117809296 0.1861328125
12700 778.0672311782837 0.186328125
12750 781.3854529857635 0.1861328125
12800 784.6884527206421 0.18515625
12850 788.0046191215515 0.184765625
12900 791.3500351905823 0.1810546875
12950 794.6790173053741 0.1810546875
13000 798.026175737381 0.182421875
13050 801.3455584049225 0.184765625
13100 804.6519021987915 0.187890625
13150 807.9862611293793 0.1880859375
13200 811.2895750999451 0.18515625
13250 814.6372435092926 0.1876953125
Index Rebuilt, max_l2: 23.202796518802643
Rebuild delay 1760
13300 819.3172869682312 0.188671875
13350 822.6864032745361 0.187890625
13400 826.0653936862946 0.1865234375
OVERALL Step : 13404  826.3311545848846  0.1803090975711893
13450 829.4744246006012 0.1884765625
13500 832.8892817497253 0.184375
13550 836.2591648101807 0.1884765625
13600 839.7572643756866 0.1890625
13650 843.369131565094 0.185546875
13700 846.9421830177307 0.1845703125
13750 850.5071167945862 0.1875
13800 854.0790197849274 0.1853515625
13850 857.6710171699524 0.18046875
13900 861.2367341518402 0.178515625
13950 864.7911291122437 0.185546875
14000 868.3512279987335 0.1828125
14050 871.9053556919098 0.1806640625
14100 875.4355933666229 0.1837890625
14150 878.9889056682587 0.1859375
14200 882.4076759815216 0.1837890625
14250 885.7764127254486 0.1798828125
14300 889.167072057724 0.183984375
14350 892.5768496990204 0.1833984375
14400 895.9611518383026 0.185546875
14450 899.3450980186462 0.1890625
14500 902.7167799472809 0.1880859375
14550 906.1210010051727 0.190234375
14600 909.4954493045807 0.191015625
14650 912.8757975101471 0.190625
14700 916.2497959136963 0.1931640625
14750 919.6451153755188 0.19140625
14800 923.0254557132721 0.19375
14850 926.4248430728912 0.1912109375
14900 929.8112418651581 0.1896484375
14950 933.2012224197388 0.1857421875
15000 936.5798602104187 0.1890625
15050 939.988100528717 0.186328125
15100 943.3779008388519 0.1857421875
15150 946.7836556434631 0.1857421875
15200 950.2015204429626 0.188671875
15250 953.6018855571747 0.1884765625
Index Rebuilt, max_l2: 26.324695587158203
Rebuild delay 2023
15300 958.3408892154694 0.1908203125
OVERALL Step : 15319  959.6774308681488  0.18504632537688442
15350 961.87717628479 0.1880859375
15400 965.4422771930695 0.185546875
15450 968.9856896400452 0.187890625
15500 972.4933884143829 0.1837890625
15550 976.0209021568298 0.1828125
15600 979.5343475341797 0.185546875
15650 983.0756075382233 0.1921875
15700 986.5813059806824 0.1916015625
15750 990.0973744392395 0.19296875
15800 993.6392285823822 0.1904296875
15850 997.1521165370941 0.191015625
15900 1000.6815845966339 0.191015625
15950 1004.1565310955048 0.19609375
16000 1007.6380195617676 0.1951171875
16050 1011.1466944217682 0.192578125
16100 1014.6423349380493 0.1927734375
16150 1018.1510095596313 0.1951171875
16200 1021.6900191307068 0.192578125
16250 1025.1998133659363 0.1919921875
16300 1028.7117912769318 0.1955078125
16350 1032.2521629333496 0.19609375
16400 1035.7667410373688 0.1978515625
16450 1039.2856194972992 0.1955078125
16500 1042.8087601661682 0.19375
16550 1046.3134701251984 0.192578125
16600 1049.8338215351105 0.19375
16650 1053.3610730171204 0.189453125
16700 1056.8710646629333 0.1908203125
16750 1060.387336730957 0.1896484375
16800 1063.938616991043 0.1880859375
16850 1067.4618248939514 0.18828125
16900 1070.9773676395416 0.187890625
16950 1074.5013093948364 0.1916015625
17000 1078.0484759807587 0.1974609375
17050 1081.5581240653992 0.1958984375
17100 1085.1282651424408 0.1966796875
17150 1088.6575899124146 0.198828125
17200 1092.22518992424 0.191796875
OVERALL Step : 17234  1094.6394565105438  0.19237463358458962
17250 1095.8002393245697 0.197265625
17300 1099.3427181243896 0.197265625
17350 1102.8847846984863 0.1939453125
17400 1106.4158577919006 0.191015625
17450 1109.9470572471619 0.190234375
17500 1113.4950594902039 0.19140625
17550 1116.9973361492157 0.1962890625
17600 1120.542944908142 0.2013671875
Index Rebuilt, max_l2: 29.185878932476044
Rebuild delay 2326
17650 1125.4692583084106 0.2056640625
17700 1129.1048817634583 0.205078125
17750 1132.718130350113 0.2083984375
17800 1136.3231465816498 0.2033203125
17850 1139.911847114563 0.203125
17900 1143.4786269664764 0.2046875
17950 1147.0740604400635 0.2046875
18000 1150.6416289806366 0.2041015625
18050 1154.2242228984833 0.202734375
18100 1157.8247473239899 0.203125
18150 1161.4122359752655 0.2044921875
18200 1165.010249376297 0.201953125
18250 1168.6536512374878 0.203515625
18300 1172.2436549663544 0.1974609375
18350 1175.8419058322906 0.2
18400 1179.4532089233398 0.1970703125
18450 1183.0305235385895 0.19921875
18500 1186.6756024360657 0.202734375
18550 1190.3067858219147 0.20234375
18600 1193.9067478179932 0.2015625
18650 1197.5419416427612 0.2072265625
18700 1201.1624298095703 0.205078125
18750 1204.7681436538696 0.20234375
18800 1208.3818445205688 0.2009765625
18850 1211.9548683166504 0.1994140625
18900 1215.5717751979828 0.201953125
18950 1219.158719778061 0.2001953125
19000 1222.8234660625458 0.201953125
19050 1226.4364342689514 0.2033203125
19100 1230.0630729198456 0.2044921875
OVERALL Step : 19149  1233.6003954410553  0.20079564489112228
19150 1233.66907954216 0.2048828125
19200 1237.291936635971 0.2037109375
19250 1240.9246335029602 0.20234375
19300 1244.529454946518 0.2015625
19350 1248.1124031543732 0.203125
19400 1251.7006857395172 0.2025390625
19450 1255.2945048809052 0.2037109375
19500 1258.8591470718384 0.2060546875
19550 1262.4841809272766 0.20859375
19600 1266.1057336330414 0.210546875
19650 1269.69833445549 0.210546875
19700 1273.295084953308 0.2099609375
19750 1276.8895897865295 0.21015625
19800 1280.4613153934479 0.20859375
19850 1284.0268023014069 0.2068359375
19900 1287.5964455604553 0.2060546875
19950 1291.1673471927643 0.2037109375
20000 1294.7317440509796 0.2072265625
20050 1298.3303790092468 0.2052734375
20100 1301.926035642624 0.2076171875
20150 1305.507110118866 0.209765625
20200 1309.0846900939941 0.2119140625
20250 1312.6849100589752 0.21328125
Index Rebuilt, max_l2: 31.66210001707077
Rebuild delay 2674
20300 1317.725067615509 0.2150390625
20350 1321.4140412807465 0.21640625
20400 1325.137081861496 0.21640625
20450 1328.843139886856 0.216015625
20500 1332.5745661258698 0.2119140625
20550 1336.3384613990784 0.2162109375
20600 1340.0799293518066 0.2140625
20650 1343.816662311554 0.2095703125
20700 1347.5864760875702 0.208203125
20750 1351.3134615421295 0.206640625